100 100
5000 5000 5000 5000 5000 5000 5000 5000 5000 5000 5000 5000 5000 5000 5000 5000 5000 5000 5000 5000 5000 5000 5000 5000 5000 5000 5000 5000 5000 5000 5000 5000 5000 5000 5000 5000 5000 5000 5000 5000 5000 5000 5000 5000 5000 5000 5000 5000 5000 5000 5000 5000 5000 5000 5000 5000 5000 5000 5000 5000 5000 5000 5000 5000 5000 5000 5000 5000 5000 5000 5000 5000 5000 5000 5000 5000 5000 5000 5000 5000 5000 5000 5000 5000 5000 5000 5000 5000 5000 5000 5000 5000 5000 5000 5000 5000 5000 5000 5000 5000 
5050 5050 5050 5050 5050 5050 5050 5050 5050 5050 5050 5050 5050 5050 5050 5050 5050 5050 5050 5050 5050 5050 5050 5050 5050 5050 5050 5050 5050 5050 5050 5050 5050 5050 5050 5050 5050 5050 5050 5050 5050 5050 5050 5050 5050 5050 5050 5050 5050 5050 5050 5050 5050 5050 5050 5050 5050 5050 5050 5050 5050 5050 5050 5050 5050 5050 5050 5050 5050 5050 5050 5050 5050 5050 5050 5050 5050 5050 5050 5050 5050 5050 5050 5050 5050 5050 5050 5050 5050 5050 5050 5050 5050 5050 5050 5050 5050 5050 5050 5050 
5100 5100 5100 5100 5100 5100 5100 5100 5100 5100 5100 5100 5100 5100 5100 5100 5100 5100 5100 5100 5100 5100 5100 5100 5100 5100 5100 5100 5100 5100 5100 5100 5100 5100 5100 5100 5100 5100 5100 5100 5100 5100 5100 5100 5100 5100 5100 5100 5100 5100 5100 5100 5100 5100 5100 5100 5100 5100 5100 5100 5100 5100 5100 5100 5100 5100 5100 5100 5100 5100 5100 5100 5100 5100 5100 5100 5100 5100 5100 5100 5100 5100 5100 5100 5100 5100 5100 5100 5100 5100 5100 5100 5100 5100 5100 5100 5100 5100 5100 5100 
5150 5150 5150 5150 5150 5150 5150 5150 5150 5150 5150 5150 5150 5150 5150 5150 5150 5150 5150 5150 5150 5150 5150 5150 5150 5150 5150 5150 5150 5150 5150 5150 5150 5150 5150 5150 5150 5150 5150 5150 5150 5150 5150 5150 5150 5150 5150 5150 5150 5150 5150 5150 5150 5150 5150 5150 5150 5150 5150 5150 5150 5150 5150 5150 5150 5150 5150 5150 5150 5150 5150 5150 5150 5150 5150 5150 5150 5150 5150 5150 5150 5150 5150 5150 5150 5150 5150 5150 5150 5150 5150 5150 5150 5150 5150 5150 5150 5150 5150 5150 
5200 5200 5200 5200 5200 5200 5200 5200 5200 5200 5200 5200 5200 5200 5200 5200 5200 5200 5200 5200 5200 5200 5200 5200 5200 5200 5200 5200 5200 5200 5200 5200 5200 5200 5200 5200 5200 5200 5200 5200 5200 5200 5200 5200 5200 5200 5200 5200 5200 5200 5200 5200 5200 5200 5200 5200 5200 5200 5200 5200 5200 5200 5200 5200 5200 5200 5200 5200 5200 5200 5200 5200 5200 5200 5200 5200 5200 5200 5200 5200 5200 5200 5200 5200 5200 5200 5200 5200 5200 5200 5200 5200 5200 5200 5200 5200 5200 5200 5200 5200 
5250 5250 5250 5250 5250 5250 5250 5250 5250 5250 5250 5250 5250 5250 5250 5250 5250 5250 5250 5250 5250 5250 5250 5250 5250 5250 5250 5250 5250 5250 5250 5250 5250 5250 5250 5250 5250 5250 5250 5250 5250 5250 5250 5250 5250 5250 5250 5250 5250 5250 5250 5250 5250 5250 5250 5250 5250 5250 5250 5250 5250 5250 5250 5250 5250 5250 5250 5250 5250 5250 5250 5250 5250 5250 5250 5250 5250 5250 5250 5250 5250 5250 5250 5250 5250 5250 5250 5250 5250 5250 5250 5250 5250 5250 5250 5250 5250 5250 5250 5250 
5300 5300 5300 5300 5300 5300 5300 5300 5300 5300 5300 5300 5300 5300 5300 5300 5300 5300 5300 5300 5300 5300 5300 5300 5300 5300 5300 5300 5300 5300 5300 5300 5300 5300 5300 5300 5300 5300 5300 5300 5300 5300 5300 5300 5300 5300 5300 5300 5300 5300 5300 5300 5300 5300 5300 5300 5300 5300 5300 5300 5300 5300 5300 5300 5300 5300 5300 5300 5300 5300 5300 5300 5300 5300 5300 5300 5300 5300 5300 5300 5300 5300 5300 5300 5300 5300 5300 5300 5300 5300 5300 5300 5300 5300 5300 5300 5300 5300 5300 5300 
5350 5350 5350 5350 5350 5350 5350 5350 5350 5350 5350 5350 5350 5350 5350 5350 5350 5350 5350 5350 5350 5350 5350 5350 5350 5350 5350 5350 5350 5350 5350 5350 5350 5350 5350 5350 5350 5350 5350 5350 5350 5350 5350 5350 5350 5350 5350 5350 5350 5350 5350 5350 5350 5350 5350 5350 5350 5350 5350 5350 5350 5350 5350 5350 5350 5350 5350 5350 5350 5350 5350 5350 5350 5350 5350 5350 5350 5350 5350 5350 5350 5350 5350 5350 5350 5350 5350 5350 5350 5350 5350 5350 5350 5350 5350 5350 5350 5350 5350 5350 
5400 5400 5400 5400 5400 5400 5400 5400 5400 5400 5400 5400 5400 5400 5400 5400 5400 5400 5400 5400 5400 5400 5400 5400 5400 5400 5400 5400 5400 5400 5400 5400 5400 5400 5400 5400 5400 5400 5400 5400 5400 5400 5400 5400 5400 5400 5400 5400 5400 5400 5400 5400 5400 5400 5400 5400 5400 5400 5400 5400 5400 5400 5400 5400 5400 5400 5400 5400 5400 5400 5400 5400 5400 5400 5400 5400 5400 5400 5400 5400 5400 5400 5400 5400 5400 5400 5400 5400 5400 5400 5400 5400 5400 5400 5400 5400 5400 5400 5400 5400 
5450 5450 5450 5450 5450 5450 5450 5450 5450 5450 5450 5450 5450 5450 5450 5450 5450 5450 5450 5450 5450 5450 5450 5450 5450 5450 5450 5450 5450 5450 5450 5450 5450 5450 5450 5450 5450 5450 5450 5450 5450 5450 5450 5450 5450 5450 5450 5450 5450 5450 5450 5450 5450 5450 5450 5450 5450 5450 5450 5450 5450 5450 5450 5450 5450 5450 5450 5450 5450 5450 5450 5450 5450 5450 5450 5450 5450 5450 5450 5450 5450 5450 5450 5450 5450 5450 5450 5450 5450 5450 5450 5450 5450 5450 5450 5450 5450 5450 5450 5450 
5500 5500 5500 5500 5500 5500 5500 5500 5500 5500 5500 5500 5500 5500 5500 5500 5500 5500 5500 5500 5500 5500 5500 5500 5500 5500 5500 5500 5500 5500 5500 5500 5500 5500 5500 5500 5500 5500 5500 5500 5500 5500 5500 5500 5500 5500 5500 5500 5500 5500 5500 5500 5500 5500 5500 5500 5500 5500 5500 5500 5500 5500 5500 5500 5500 5500 5500 5500 5500 5500 5500 5500 5500 5500 5500 5500 5500 5500 5500 5500 5500 5500 5500 5500 5500 5500 5500 5500 5500 5500 5500 5500 5500 5500 5500 5500 5500 5500 5500 5500 
5550 5550 5550 5550 5550 5550 5550 5550 5550 5550 5550 5550 5550 5550 5550 5550 5550 5550 5550 5550 5550 5550 5550 5550 5550 5550 5550 5550 5550 5550 5550 5550 5550 5550 5550 5550 5550 5550 5550 5550 5550 5550 5550 5550 5550 5550 5550 5550 5550 5550 5550 5550 5550 5550 5550 5550 5550 5550 5550 5550 5550 5550 5550 5550 5550 5550 5550 5550 5550 5550 5550 5550 5550 5550 5550 5550 5550 5550 5550 5550 5550 5550 5550 5550 5550 5550 5550 5550 5550 5550 5550 5550 5550 5550 5550 5550 5550 5550 5550 5550 
5600 5600 5600 5600 5600 5600 5600 5600 5600 5600 5600 5600 5600 5600 5600 5600 5600 5600 5600 5600 5600 5600 5600 5600 5600 5600 5600 5600 5600 5600 5600 5600 5600 5600 5600 5600 5600 5600 5600 5600 5600 5600 5600 5600 5600 5600 5600 5600 5600 5600 5600 5600 5600 5600 5600 5600 5600 5600 5600 5600 5600 5600 5600 5600 5600 5600 5600 5600 5600 5600 5600 5600 5600 5600 5600 5600 5600 5600 5600 5600 5600 5600 5600 5600 5600 5600 5600 5600 5600 5600 5600 5600 5600 5600 5600 5600 5600 5600 5600 5600 
5650 5650 5650 5650 5650 5650 5650 5650 5650 5650 5650 5650 5650 5650 5650 5650 5650 5650 5650 5650 5650 5650 5650 5650 5650 5650 5650 5650 5650 5650 5650 5650 5650 5650 5650 5650 5650 5650 5650 5650 5650 5650 5650 5650 5650 5650 5650 5650 5650 5650 5650 5650 5650 5650 5650 5650 5650 5650 5650 5650 5650 5650 5650 5650 5650 5650 5650 5650 5650 5650 5650 5650 5650 5650 5650 5650 5650 5650 5650 5650 5650 5650 5650 5650 5650 5650 5650 5650 5650 5650 5650 5650 5650 5650 5650 5650 5650 5650 5650 5650 
5700 5700 5700 5700 5700 5700 5700 5700 5700 5700 5700 5700 5700 5700 5700 5700 5700 5700 5700 5700 5700 5700 5700 5700 5700 5700 5700 5700 5700 5700 5700 5700 5700 5700 5700 5700 5700 5700 5700 5700 5700 5700 5700 5700 5700 5700 5700 5700 5700 5700 5700 5700 5700 5700 5700 5700 5700 5700 5700 5700 5700 5700 5700 5700 5700 5700 5700 5700 5700 5700 5700 5700 5700 5700 5700 5700 5700 5700 5700 5700 5700 5700 5700 5700 5700 5700 5700 5700 5700 5700 5700 5700 5700 5700 5700 5700 5700 5700 5700 5700 
5750 5750 5750 5750 5750 5750 5750 5750 5750 5750 5750 5750 5750 5750 5750 5750 5750 5750 5750 5750 5750 5750 5750 5750 5750 5750 5750 5750 5750 5750 5750 5750 5750 5750 5750 5750 5750 5750 5750 5750 5750 5750 5750 5750 5750 5750 5750 5750 5750 5750 5750 5750 5750 5750 5750 5750 5750 5750 5750 5750 5750 5750 5750 5750 5750 5750 5750 5750 5750 5750 5750 5750 5750 5750 5750 5750 5750 5750 5750 5750 5750 5750 5750 5750 5750 5750 5750 5750 5750 5750 5750 5750 5750 5750 5750 5750 5750 5750 5750 5750 
5800 5800 5800 5800 5800 5800 5800 5800 5800 5800 5800 5800 5800 5800 5800 5800 5800 5800 5800 5800 5800 5800 5800 5800 5800 5800 5800 5800 5800 5800 5800 5800 5800 5800 5800 5800 5800 5800 5800 5800 5800 5800 5800 5800 5800 5800 5800 5800 5800 5800 5800 5800 5800 5800 5800 5800 5800 5800 5800 5800 5800 5800 5800 5800 5800 5800 5800 5800 5800 5800 5800 5800 5800 5800 5800 5800 5800 5800 5800 5800 5800 5800 5800 5800 5800 5800 5800 5800 5800 5800 5800 5800 5800 5800 5800 5800 5800 5800 5800 5800 
5850 5850 5850 5850 5850 5850 5850 5850 5850 5850 5850 5850 5850 5850 5850 5850 5850 5850 5850 5850 5850 5850 5850 5850 5850 5850 5850 5850 5850 5850 5850 5850 5850 5850 5850 5850 5850 5850 5850 5850 5850 5850 5850 5850 5850 5850 5850 5850 5850 5850 5850 5850 5850 5850 5850 5850 5850 5850 5850 5850 5850 5850 5850 5850 5850 5850 5850 5850 5850 5850 5850 5850 5850 5850 5850 5850 5850 5850 5850 5850 5850 5850 5850 5850 5850 5850 5850 5850 5850 5850 5850 5850 5850 5850 5850 5850 5850 5850 5850 5850 
5900 5900 5900 5900 5900 5900 5900 5900 5900 5900 5900 5900 5900 5900 5900 5900 5900 5900 5900 5900 5900 5900 5900 5900 5900 5900 5900 5900 5900 5900 5900 5900 5900 5900 5900 5900 5900 5900 5900 5900 5900 5900 5900 5900 5900 5900 5900 5900 5900 5900 5900 5900 5900 5900 5900 5900 5900 5900 5900 5900 5900 5900 5900 5900 5900 5900 5900 5900 5900 5900 5900 5900 5900 5900 5900 5900 5900 5900 5900 5900 5900 5900 5900 5900 5900 5900 5900 5900 5900 5900 5900 5900 5900 5900 5900 5900 5900 5900 5900 5900 
5950 5950 5950 5950 5950 5950 5950 5950 5950 5950 5950 5950 5950 5950 5950 5950 5950 5950 5950 5950 5950 5950 5950 5950 5950 5950 5950 5950 5950 5950 5950 5950 5950 5950 5950 5950 5950 5950 5950 5950 5950 5950 5950 5950 5950 5950 5950 5950 5950 5950 5950 5950 5950 5950 5950 5950 5950 5950 5950 5950 5950 5950 5950 5950 5950 5950 5950 5950 5950 5950 5950 5950 5950 5950 5950 5950 5950 5950 5950 5950 5950 5950 5950 5950 5950 5950 5950 5950 5950 5950 5950 5950 5950 5950 5950 5950 5950 5950 5950 5950 
6000 6000 6000 6000 6000 6000 6000 6000 6000 6000 6000 6000 6000 6000 6000 6000 6000 6000 6000 6000 6000 6000 6000 6000 6000 6000 6000 6000 6000 6000 6000 6000 6000 6000 6000 6000 6000 6000 6000 6000 6000 6000 6000 6000 6000 6000 6000 6000 6000 6000 6000 6000 6000 6000 6000 6000 6000 6000 6000 6000 6000 6000 6000 6000 6000 6000 6000 6000 6000 6000 6000 6000 6000 6000 6000 6000 6000 6000 6000 6000 6000 6000 6000 6000 6000 6000 6000 6000 6000 6000 6000 6000 6000 6000 6000 6000 6000 6000 6000 6000 
6050 6050 6050 6050 6050 6050 6050 6050 6050 6050 6050 6050 6050 6050 6050 6050 6050 6050 6050 6050 6050 6050 6050 6050 6050 6050 6050 6050 6050 6050 6050 6050 6050 6050 6050 6050 6050 6050 6050 6050 6050 6050 6050 6050 6050 6050 6050 6050 6050 6050 6050 6050 6050 6050 6050 6050 6050 6050 6050 6050 6050 6050 6050 6050 6050 6050 6050 6050 6050 6050 6050 6050 6050 6050 6050 6050 6050 6050 6050 6050 6050 6050 6050 6050 6050 6050 6050 6050 6050 6050 6050 6050 6050 6050 6050 6050 6050 6050 6050 6050 
6100 6100 6100 6100 6100 6100 6100 6100 6100 6100 6100 6100 6100 6100 6100 6100 6100 6100 6100 6100 6100 6100 6100 6100 6100 6100 6100 6100 6100 6100 6100 6100 6100 6100 6100 6100 6100 6100 6100 6100 6100 6100 6100 6100 6100 6100 6100 6100 6100 6100 6100 6100 6100 6100 6100 6100 6100 6100 6100 6100 6100 6100 6100 6100 6100 6100 6100 6100 6100 6100 6100 6100 6100 6100 6100 6100 6100 6100 6100 6100 6100 6100 6100 6100 6100 6100 6100 6100 6100 6100 6100 6100 6100 6100 6100 6100 6100 6100 6100 6100 
6150 6150 6150 6150 6150 6150 6150 6150 6150 6150 6150 6150 6150 6150 6150 6150 6150 6150 6150 6150 6150 6150 6150 6150 6150 6150 6150 6150 6150 6150 6150 6150 6150 6150 6150 6150 6150 6150 6150 6150 6150 6150 6150 6150 6150 6150 6150 6150 6150 6150 6150 6150 6150 6150 6150 6150 6150 6150 6150 6150 6150 6150 6150 6150 6150 6150 6150 6150 6150 6150 6150 6150 6150 6150 6150 6150 6150 6150 6150 6150 6150 6150 6150 6150 6150 6150 6150 6150 6150 6150 6150 6150 6150 6150 6150 6150 6150 6150 6150 6150 
6200 6200 6200 6200 6200 6200 6200 6200 6200 6200 6200 6200 6200 6200 6200 6200 6200 6200 6200 6200 6200 6200 6200 6200 6200 6200 6200 6200 6200 6200 6200 6200 6200 6200 6200 6200 6200 6200 6200 6200 6200 6200 6200 6200 6200 6200 6200 6200 6200 6200 6200 6200 6200 6200 6200 6200 6200 6200 6200 6200 6200 6200 6200 6200 6200 6200 6200 6200 6200 6200 6200 6200 6200 6200 6200 6200 6200 6200 6200 6200 6200 6200 6200 6200 6200 6200 6200 6200 6200 6200 6200 6200 6200 6200 6200 6200 6200 6200 6200 6200 
6250 6250 6250 6250 6250 6250 6250 6250 6250 6250 6250 6250 6250 6250 6250 6250 6250 6250 6250 6250 6250 6250 6250 6250 6250 6250 6250 6250 6250 6250 6250 6250 6250 6250 6250 6250 6250 6250 6250 6250 6250 6250 6250 6250 6250 6250 6250 6250 6250 6250 6250 6250 6250 6250 6250 6250 6250 6250 6250 6250 6250 6250 6250 6250 6250 6250 6250 6250 6250 6250 6250 6250 6250 6250 6250 6250 6250 6250 6250 6250 6250 6250 6250 6250 6250 6250 6250 6250 6250 6250 6250 6250 6250 6250 6250 6250 6250 6250 6250 6250 
6300 6300 6300 6300 6300 6300 6300 6300 6300 6300 6300 6300 6300 6300 6300 6300 6300 6300 6300 6300 6300 6300 6300 6300 6300 6300 6300 6300 6300 6300 6300 6300 6300 6300 6300 6300 6300 6300 6300 6300 6300 6300 6300 6300 6300 6300 6300 6300 6300 6300 6300 6300 6300 6300 6300 6300 6300 6300 6300 6300 6300 6300 6300 6300 6300 6300 6300 6300 6300 6300 6300 6300 6300 6300 6300 6300 6300 6300 6300 6300 6300 6300 6300 6300 6300 6300 6300 6300 6300 6300 6300 6300 6300 6300 6300 6300 6300 6300 6300 6300 
6350 6350 6350 6350 6350 6350 6350 6350 6350 6350 6350 6350 6350 6350 6350 6350 6350 6350 6350 6350 6350 6350 6350 6350 6350 6350 6350 6350 6350 6350 6350 6350 6350 6350 6350 6350 6350 6350 6350 6350 6350 6350 6350 6350 6350 6350 6350 6350 6350 6350 6350 6350 6350 6350 6350 6350 6350 6350 6350 6350 6350 6350 6350 6350 6350 6350 6350 6350 6350 6350 6350 6350 6350 6350 6350 6350 6350 6350 6350 6350 6350 6350 6350 6350 6350 6350 6350 6350 6350 6350 6350 6350 6350 6350 6350 6350 6350 6350 6350 6350 
6400 6400 6400 6400 6400 6400 6400 6400 6400 6400 6400 6400 6400 6400 6400 6400 6400 6400 6400 6400 6400 6400 6400 6400 6400 6400 6400 6400 6400 6400 6400 6400 6400 6400 6400 6400 6400 6400 6400 6400 6400 6400 6400 6400 6400 6400 6400 6400 6400 6400 6400 6400 6400 6400 6400 6400 6400 6400 6400 6400 6400 6400 6400 6400 6400 6400 6400 6400 6400 6400 6400 6400 6400 6400 6400 6400 6400 6400 6400 6400 6400 6400 6400 6400 6400 6400 6400 6400 6400 6400 6400 6400 6400 6400 6400 6400 6400 6400 6400 6400 
6450 6450 6450 6450 6450 6450 6450 6450 6450 6450 6450 6450 6450 6450 6450 6450 6450 6450 6450 6450 6450 6450 6450 6450 6450 6450 6450 6450 6450 6450 6450 6450 6450 6450 6450 6450 6450 6450 6450 6450 6450 6450 6450 6450 6450 6450 6450 6450 6450 6450 6450 6450 6450 6450 6450 6450 6450 6450 6450 6450 6450 6450 6450 6450 6450 6450 6450 6450 6450 6450 6450 6450 6450 6450 6450 6450 6450 6450 6450 6450 6450 6450 6450 6450 6450 6450 6450 6450 6450 6450 6450 6450 6450 6450 6450 6450 6450 6450 6450 6450 
6500 6500 6500 6500 6500 6500 6500 6500 6500 6500 6500 6500 6500 6500 6500 6500 6500 6500 6500 6500 6500 6500 6500 6500 6500 6500 6500 6500 6500 6500 6500 6500 6500 6500 6500 6500 6500 6500 6500 6500 6500 6500 6500 6500 6500 6500 6500 6500 6500 6500 6500 6500 6500 6500 6500 6500 6500 6500 6500 6500 6500 6500 6500 6500 6500 6500 6500 6500 6500 6500 6500 6500 6500 6500 6500 6500 6500 6500 6500 6500 6500 6500 6500 6500 6500 6500 6500 6500 6500 6500 6500 6500 6500 6500 6500 6500 6500 6500 6500 6500 
6550 6550 6550 6550 6550 6550 6550 6550 6550 6550 6550 6550 6550 6550 6550 6550 6550 6550 6550 6550 6550 6550 6550 6550 6550 6550 6550 6550 6550 6550 6550 6550 6550 6550 6550 6550 6550 6550 6550 6550 6550 6550 6550 6550 6550 6550 6550 6550 6550 6550 6550 6550 6550 6550 6550 6550 6550 6550 6550 6550 6550 6550 6550 6550 6550 6550 6550 6550 6550 6550 6550 6550 6550 6550 6550 6550 6550 6550 6550 6550 6550 6550 6550 6550 6550 6550 6550 6550 6550 6550 6550 6550 6550 6550 6550 6550 6550 6550 6550 6550 
6600 6600 6600 6600 6600 6600 6600 6600 6600 6600 6600 6600 6600 6600 6600 6600 6600 6600 6600 6600 6600 6600 6600 6600 6600 6600 6600 6600 6600 6600 6600 6600 6600 6600 6600 6600 6600 6600 6600 6600 6600 6600 6600 6600 6600 6600 6600 6600 6600 6600 6600 6600 6600 6600 6600 6600 6600 6600 6600 6600 6600 6600 6600 6600 6600 6600 6600 6600 6600 6600 6600 6600 6600 6600 6600 6600 6600 6600 6600 6600 6600 6600 6600 6600 6600 6600 6600 6600 6600 6600 6600 6600 6600 6600 6600 6600 6600 6600 6600 6600 
6650 6650 6650 6650 6650 6650 6650 6650 6650 6650 6650 6650 6650 6650 6650 6650 6650 6650 6650 6650 6650 6650 6650 6650 6650 6650 6650 6650 6650 6650 6650 6650 6650 6650 6650 6650 6650 6650 6650 6650 6650 6650 6650 6650 6650 6650 6650 6650 6650 6650 6650 6650 6650 6650 6650 6650 6650 6650 6650 6650 6650 6650 6650 6650 6650 6650 6650 6650 6650 6650 6650 6650 6650 6650 6650 6650 6650 6650 6650 6650 6650 6650 6650 6650 6650 6650 6650 6650 6650 6650 6650 6650 6650 6650 6650 6650 6650 6650 6650 6650 
6700 6700 6700 6700 6700 6700 6700 6700 6700 6700 6700 6700 6700 6700 6700 6700 6700 6700 6700 6700 6700 6700 6700 6700 6700 6700 6700 6700 6700 6700 6700 6700 6700 6700 6700 6700 6700 6700 6700 6700 6700 6700 6700 6700 6700 6700 6700 6700 6700 6700 6700 6700 6700 6700 6700 6700 6700 6700 6700 6700 6700 6700 6700 6700 6700 6700 6700 6700 6700 6700 6700 6700 6700 6700 6700 6700 6700 6700 6700 6700 6700 6700 6700 6700 6700 6700 6700 6700 6700 6700 6700 6700 6700 6700 6700 6700 6700 6700 6700 6700 
6750 6750 6750 6750 6750 6750 6750 6750 6750 6750 6750 6750 6750 6750 6750 6750 6750 6750 6750 6750 6750 6750 6750 6750 6750 6750 6750 6750 6750 6750 6750 6750 6750 6750 6750 6750 6750 6750 6750 6750 6750 6750 6750 6750 6750 6750 6750 6750 6750 6750 6750 6750 6750 6750 6750 6750 6750 6750 6750 6750 6750 6750 6750 6750 6750 6750 6750 6750 6750 6750 6750 6750 6750 6750 6750 6750 6750 6750 6750 6750 6750 6750 6750 6750 6750 6750 6750 6750 6750 6750 6750 6750 6750 6750 6750 6750 6750 6750 6750 6750 
6800 6800 6800 6800 6800 6800 6800 6800 6800 6800 6800 6800 6800 6800 6800 6800 6800 6800 6800 6800 6800 6800 6800 6800 6800 6800 6800 6800 6800 6800 6800 6800 6800 6800 6800 6800 6800 6800 6800 6800 6800 6800 6800 6800 6800 6800 6800 6800 6800 6800 6800 6800 6800 6800 6800 6800 6800 6800 6800 6800 6800 6800 6800 6800 6800 6800 6800 6800 6800 6800 6800 6800 6800 6800 6800 6800 6800 6800 6800 6800 6800 6800 6800 6800 6800 6800 6800 6800 6800 6800 6800 6800 6800 6800 6800 6800 6800 6800 6800 6800 
6850 6850 6850 6850 6850 6850 6850 6850 6850 6850 6850 6850 6850 6850 6850 6850 6850 6850 6850 6850 6850 6850 6850 6850 6850 6850 6850 6850 6850 6850 6850 6850 6850 6850 6850 6850 6850 6850 6850 6850 6850 6850 6850 6850 6850 6850 6850 6850 6850 6850 6850 6850 6850 6850 6850 6850 6850 6850 6850 6850 6850 6850 6850 6850 6850 6850 6850 6850 6850 6850 6850 6850 6850 6850 6850 6850 6850 6850 6850 6850 6850 6850 6850 6850 6850 6850 6850 6850 6850 6850 6850 6850 6850 6850 6850 6850 6850 6850 6850 6850 
6900 6900 6900 6900 6900 6900 6900 6900 6900 6900 6900 6900 6900 6900 6900 6900 6900 6900 6900 6900 6900 6900 6900 6900 6900 6900 6900 6900 6900 6900 6900 6900 6900 6900 6900 6900 6900 6900 6900 6900 6900 6900 6900 6900 6900 6900 6900 6900 6900 6900 6900 6900 6900 6900 6900 6900 6900 6900 6900 6900 6900 6900 6900 6900 6900 6900 6900 6900 6900 6900 6900 6900 6900 6900 6900 6900 6900 6900 6900 6900 6900 6900 6900 6900 6900 6900 6900 6900 6900 6900 6900 6900 6900 6900 6900 6900 6900 6900 6900 6900 
6950 6950 6950 6950 6950 6950 6950 6950 6950 6950 6950 6950 6950 6950 6950 6950 6950 6950 6950 6950 6950 6950 6950 6950 6950 6950 6950 6950 6950 6950 6950 6950 6950 6950 6950 6950 6950 6950 6950 6950 6950 6950 6950 6950 6950 6950 6950 6950 6950 6950 6950 6950 6950 6950 6950 6950 6950 6950 6950 6950 6950 6950 6950 6950 6950 6950 6950 6950 6950 6950 6950 6950 6950 6950 6950 6950 6950 6950 6950 6950 6950 6950 6950 6950 6950 6950 6950 6950 6950 6950 6950 6950 6950 6950 6950 6950 6950 6950 6950 6950 
7000 7000 7000 7000 7000 7000 7000 7000 7000 7000 7000 7000 7000 7000 7000 7000 7000 7000 7000 7000 7000 7000 7000 7000 7000 7000 7000 7000 7000 7000 7000 7000 7000 7000 7000 7000 7000 7000 7000 7000 7000 7000 7000 7000 7000 7000 7000 7000 7000 7000 7000 7000 7000 7000 7000 7000 7000 7000 7000 7000 7000 7000 7000 7000 7000 7000 7000 7000 7000 7000 7000 7000 7000 7000 7000 7000 7000 7000 7000 7000 7000 7000 7000 7000 7000 7000 7000 7000 7000 7000 7000 7000 7000 7000 7000 7000 7000 7000 7000 7000 
7050 7050 7050 7050 7050 7050 7050 7050 7050 7050 7050 7050 7050 7050 7050 7050 7050 7050 7050 7050 7050 7050 7050 7050 7050 7050 7050 7050 7050 7050 7050 7050 7050 7050 7050 7050 7050 7050 7050 7050 7050 7050 7050 7050 7050 7050 7050 7050 7050 7050 7050 7050 7050 7050 7050 7050 7050 7050 7050 7050 7050 7050 7050 7050 7050 7050 7050 7050 7050 7050 7050 7050 7050 7050 7050 7050 7050 7050 7050 7050 7050 7050 7050 7050 7050 7050 7050 7050 7050 7050 7050 7050 7050 7050 7050 7050 7050 7050 7050 7050 
7100 7100 7100 7100 7100 7100 7100 7100 7100 7100 7100 7100 7100 7100 7100 7100 7100 7100 7100 7100 7100 7100 7100 7100 7100 7100 7100 7100 7100 7100 7100 7100 7100 7100 7100 7100 7100 7100 7100 7100 7100 7100 7100 7100 7100 7100 7100 7100 7100 7100 7100 7100 7100 7100 7100 7100 7100 7100 7100 7100 7100 7100 7100 7100 7100 7100 7100 7100 7100 7100 7100 7100 7100 7100 7100 7100 7100 7100 7100 7100 7100 7100 7100 7100 7100 7100 7100 7100 7100 7100 7100 7100 7100 7100 7100 7100 7100 7100 7100 7100 
7150 7150 7150 7150 7150 7150 7150 7150 7150 7150 7150 7150 7150 7150 7150 7150 7150 7150 7150 7150 7150 7150 7150 7150 7150 7150 7150 7150 7150 7150 7150 7150 7150 7150 7150 7150 7150 7150 7150 7150 7150 7150 7150 7150 7150 7150 7150 7150 7150 7150 7150 7150 7150 7150 7150 7150 7150 7150 7150 7150 7150 7150 7150 7150 7150 7150 7150 7150 7150 7150 7150 7150 7150 7150 7150 7150 7150 7150 7150 7150 7150 7150 7150 7150 7150 7150 7150 7150 7150 7150 7150 7150 7150 7150 7150 7150 7150 7150 7150 7150 
7200 7200 7200 7200 7200 7200 7200 7200 7200 7200 7200 7200 7200 7200 7200 7200 7200 7200 7200 7200 7200 7200 7200 7200 7200 7200 7200 7200 7200 7200 7200 7200 7200 7200 7200 7200 7200 7200 7200 7200 7200 7200 7200 7200 7200 7200 7200 7200 7200 7200 7200 7200 7200 7200 7200 7200 7200 7200 7200 7200 7200 7200 7200 7200 7200 7200 7200 7200 7200 7200 7200 7200 7200 7200 7200 7200 7200 7200 7200 7200 7200 7200 7200 7200 7200 7200 7200 7200 7200 7200 7200 7200 7200 7200 7200 7200 7200 7200 7200 7200 
7250 7250 7250 7250 7250 7250 7250 7250 7250 7250 7250 7250 7250 7250 7250 7250 7250 7250 7250 7250 7250 7250 7250 7250 7250 7250 7250 7250 7250 7250 7250 7250 7250 7250 7250 7250 7250 7250 7250 7250 7250 7250 7250 7250 7250 7250 7250 7250 7250 7250 7250 7250 7250 7250 7250 7250 7250 7250 7250 7250 7250 7250 7250 7250 7250 7250 7250 7250 7250 7250 7250 7250 7250 7250 7250 7250 7250 7250 7250 7250 7250 7250 7250 7250 7250 7250 7250 7250 7250 7250 7250 7250 7250 7250 7250 7250 7250 7250 7250 7250 
7300 7300 7300 7300 7300 7300 7300 7300 7300 7300 7300 7300 7300 7300 7300 7300 7300 7300 7300 7300 7300 7300 7300 7300 7300 7300 7300 7300 7300 7300 7300 7300 7300 7300 7300 7300 7300 7300 7300 7300 7300 7300 7300 7300 7300 7300 7300 7300 7300 7300 7300 7300 7300 7300 7300 7300 7300 7300 7300 7300 7300 7300 7300 7300 7300 7300 7300 7300 7300 7300 7300 7300 7300 7300 7300 7300 7300 7300 7300 7300 7300 7300 7300 7300 7300 7300 7300 7300 7300 7300 7300 7300 7300 7300 7300 7300 7300 7300 7300 7300 
7350 7350 7350 7350 7350 7350 7350 7350 7350 7350 7350 7350 7350 7350 7350 7350 7350 7350 7350 7350 7350 7350 7350 7350 7350 7350 7350 7350 7350 7350 7350 7350 7350 7350 7350 7350 7350 7350 7350 7350 7350 7350 7350 7350 7350 7350 7350 7350 7350 7350 7350 7350 7350 7350 7350 7350 7350 7350 7350 7350 7350 7350 7350 7350 7350 7350 7350 7350 7350 7350 7350 7350 7350 7350 7350 7350 7350 7350 7350 7350 7350 7350 7350 7350 7350 7350 7350 7350 7350 7350 7350 7350 7350 7350 7350 7350 7350 7350 7350 7350 
7400 7400 7400 7400 7400 7400 7400 7400 7400 7400 7400 7400 7400 7400 7400 7400 7400 7400 7400 7400 7400 7400 7400 7400 7400 7400 7400 7400 7400 7400 7400 7400 7400 7400 7400 7400 7400 7400 7400 7400 7400 7400 7400 7400 7400 7400 7400 7400 7400 7400 7400 7400 7400 7400 7400 7400 7400 7400 7400 7400 7400 7400 7400 7400 7400 7400 7400 7400 7400 7400 7400 7400 7400 7400 7400 7400 7400 7400 7400 7400 7400 7400 7400 7400 7400 7400 7400 7400 7400 7400 7400 7400 7400 7400 7400 7400 7400 7400 7400 7400 
7450 7450 7450 7450 7450 7450 7450 7450 7450 7450 7450 7450 7450 7450 7450 7450 7450 7450 7450 7450 7450 7450 7450 7450 7450 7450 7450 7450 7450 7450 7450 7450 7450 7450 7450 7450 7450 7450 7450 7450 7450 7450 7450 7450 7450 7450 7450 7450 7450 7450 7450 7450 7450 7450 7450 7450 7450 7450 7450 7450 7450 7450 7450 7450 7450 7450 7450 7450 7450 7450 7450 7450 7450 7450 7450 7450 7450 7450 7450 7450 7450 7450 7450 7450 7450 7450 7450 7450 7450 7450 7450 7450 7450 7450 7450 7450 7450 7450 7450 7450 
7500 7500 7500 7500 7500 7500 7500 7500 7500 7500 7500 7500 7500 7500 7500 7500 7500 7500 7500 7500 7500 7500 7500 7500 7500 7500 7500 7500 7500 7500 7500 7500 7500 7500 7500 7500 7500 7500 7500 7500 7500 7500 7500 7500 7500 7500 7500 7500 7500 7500 7500 7500 7500 7500 7500 7500 7500 7500 7500 7500 7500 7500 7500 7500 7500 7500 7500 7500 7500 7500 7500 7500 7500 7500 7500 7500 7500 7500 7500 7500 7500 7500 7500 7500 7500 7500 7500 7500 7500 7500 7500 7500 7500 7500 7500 7500 7500 7500 7500 7500 
7550 7550 7550 7550 7550 7550 7550 7550 7550 7550 7550 7550 7550 7550 7550 7550 7550 7550 7550 7550 7550 7550 7550 7550 7550 7550 7550 7550 7550 7550 7550 7550 7550 7550 7550 7550 7550 7550 7550 7550 7550 7550 7550 7550 7550 7550 7550 7550 7550 7550 7550 7550 7550 7550 7550 7550 7550 7550 7550 7550 7550 7550 7550 7550 7550 7550 7550 7550 7550 7550 7550 7550 7550 7550 7550 7550 7550 7550 7550 7550 7550 7550 7550 7550 7550 7550 7550 7550 7550 7550 7550 7550 7550 7550 7550 7550 7550 7550 7550 7550 
7600 7600 7600 7600 7600 7600 7600 7600 7600 7600 7600 7600 7600 7600 7600 7600 7600 7600 7600 7600 7600 7600 7600 7600 7600 7600 7600 7600 7600 7600 7600 7600 7600 7600 7600 7600 7600 7600 7600 7600 7600 7600 7600 7600 7600 7600 7600 7600 7600 7600 7600 7600 7600 7600 7600 7600 7600 7600 7600 7600 7600 7600 7600 7600 7600 7600 7600 7600 7600 7600 7600 7600 7600 7600 7600 7600 7600 7600 7600 7600 7600 7600 7600 7600 7600 7600 7600 7600 7600 7600 7600 7600 7600 7600 7600 7600 7600 7600 7600 7600 
7650 7650 7650 7650 7650 7650 7650 7650 7650 7650 7650 7650 7650 7650 7650 7650 7650 7650 7650 7650 7650 7650 7650 7650 7650 7650 7650 7650 7650 7650 7650 7650 7650 7650 7650 7650 7650 7650 7650 7650 7650 7650 7650 7650 7650 7650 7650 7650 7650 7650 7650 7650 7650 7650 7650 7650 7650 7650 7650 7650 7650 7650 7650 7650 7650 7650 7650 7650 7650 7650 7650 7650 7650 7650 7650 7650 7650 7650 7650 7650 7650 7650 7650 7650 7650 7650 7650 7650 7650 7650 7650 7650 7650 7650 7650 7650 7650 7650 7650 7650 
7700 7700 7700 7700 7700 7700 7700 7700 7700 7700 7700 7700 7700 7700 7700 7700 7700 7700 7700 7700 7700 7700 7700 7700 7700 7700 7700 7700 7700 7700 7700 7700 7700 7700 7700 7700 7700 7700 7700 7700 7700 7700 7700 7700 7700 7700 7700 7700 7700 7700 7700 7700 7700 7700 7700 7700 7700 7700 7700 7700 7700 7700 7700 7700 7700 7700 7700 7700 7700 7700 7700 7700 7700 7700 7700 7700 7700 7700 7700 7700 7700 7700 7700 7700 7700 7700 7700 7700 7700 7700 7700 7700 7700 7700 7700 7700 7700 7700 7700 7700 
7750 7750 7750 7750 7750 7750 7750 7750 7750 7750 7750 7750 7750 7750 7750 7750 7750 7750 7750 7750 7750 7750 7750 7750 7750 7750 7750 7750 7750 7750 7750 7750 7750 7750 7750 7750 7750 7750 7750 7750 7750 7750 7750 7750 7750 7750 7750 7750 7750 7750 7750 7750 7750 7750 7750 7750 7750 7750 7750 7750 7750 7750 7750 7750 7750 7750 7750 7750 7750 7750 7750 7750 7750 7750 7750 7750 7750 7750 7750 7750 7750 7750 7750 7750 7750 7750 7750 7750 7750 7750 7750 7750 7750 7750 7750 7750 7750 7750 7750 7750 
7800 7800 7800 7800 7800 7800 7800 7800 7800 7800 7800 7800 7800 7800 7800 7800 7800 7800 7800 7800 7800 7800 7800 7800 7800 7800 7800 7800 7800 7800 7800 7800 7800 7800 7800 7800 7800 7800 7800 7800 7800 7800 7800 7800 7800 7800 7800 7800 7800 7800 7800 7800 7800 7800 7800 7800 7800 7800 7800 7800 7800 7800 7800 7800 7800 7800 7800 7800 7800 7800 7800 7800 7800 7800 7800 7800 7800 7800 7800 7800 7800 7800 7800 7800 7800 7800 7800 7800 7800 7800 7800 7800 7800 7800 7800 7800 7800 7800 7800 7800 
7850 7850 7850 7850 7850 7850 7850 7850 7850 7850 7850 7850 7850 7850 7850 7850 7850 7850 7850 7850 7850 7850 7850 7850 7850 7850 7850 7850 7850 7850 7850 7850 7850 7850 7850 7850 7850 7850 7850 7850 7850 7850 7850 7850 7850 7850 7850 7850 7850 7850 7850 7850 7850 7850 7850 7850 7850 7850 7850 7850 7850 7850 7850 7850 7850 7850 7850 7850 7850 7850 7850 7850 7850 7850 7850 7850 7850 7850 7850 7850 7850 7850 7850 7850 7850 7850 7850 7850 7850 7850 7850 7850 7850 7850 7850 7850 7850 7850 7850 7850 
7900 7900 7900 7900 7900 7900 7900 7900 7900 7900 7900 7900 7900 7900 7900 7900 7900 7900 7900 7900 7900 7900 7900 7900 7900 7900 7900 7900 7900 7900 7900 7900 7900 7900 7900 7900 7900 7900 7900 7900 7900 7900 7900 7900 7900 7900 7900 7900 7900 7900 7900 7900 7900 7900 7900 7900 7900 7900 7900 7900 7900 7900 7900 7900 7900 7900 7900 7900 7900 7900 7900 7900 7900 7900 7900 7900 7900 7900 7900 7900 7900 7900 7900 7900 7900 7900 7900 7900 7900 7900 7900 7900 7900 7900 7900 7900 7900 7900 7900 7900 
7950 7950 7950 7950 7950 7950 7950 7950 7950 7950 7950 7950 7950 7950 7950 7950 7950 7950 7950 7950 7950 7950 7950 7950 7950 7950 7950 7950 7950 7950 7950 7950 7950 7950 7950 7950 7950 7950 7950 7950 7950 7950 7950 7950 7950 7950 7950 7950 7950 7950 7950 7950 7950 7950 7950 7950 7950 7950 7950 7950 7950 7950 7950 7950 7950 7950 7950 7950 7950 7950 7950 7950 7950 7950 7950 7950 7950 7950 7950 7950 7950 7950 7950 7950 7950 7950 7950 7950 7950 7950 7950 7950 7950 7950 7950 7950 7950 7950 7950 7950 
8000 8000 8000 8000 8000 8000 8000 8000 8000 8000 8000 8000 8000 8000 8000 8000 8000 8000 8000 8000 8000 8000 8000 8000 8000 8000 8000 8000 8000 8000 8000 8000 8000 8000 8000 8000 8000 8000 8000 8000 8000 8000 8000 8000 8000 8000 8000 8000 8000 8000 8000 8000 8000 8000 8000 8000 8000 8000 8000 8000 8000 8000 8000 8000 8000 8000 8000 8000 8000 8000 8000 8000 8000 8000 8000 8000 8000 8000 8000 8000 8000 8000 8000 8000 8000 8000 8000 8000 8000 8000 8000 8000 8000 8000 8000 8000 8000 8000 8000 8000 
8050 8050 8050 8050 8050 8050 8050 8050 8050 8050 8050 8050 8050 8050 8050 8050 8050 8050 8050 8050 8050 8050 8050 8050 8050 8050 8050 8050 8050 8050 8050 8050 8050 8050 8050 8050 8050 8050 8050 8050 8050 8050 8050 8050 8050 8050 8050 8050 8050 8050 8050 8050 8050 8050 8050 8050 8050 8050 8050 8050 8050 8050 8050 8050 8050 8050 8050 8050 8050 8050 8050 8050 8050 8050 8050 8050 8050 8050 8050 8050 8050 8050 8050 8050 8050 8050 8050 8050 8050 8050 8050 8050 8050 8050 8050 8050 8050 8050 8050 8050 
8100 8100 8100 8100 8100 8100 8100 8100 8100 8100 8100 8100 8100 8100 8100 8100 8100 8100 8100 8100 8100 8100 8100 8100 8100 8100 8100 8100 8100 8100 8100 8100 8100 8100 8100 8100 8100 8100 8100 8100 8100 8100 8100 8100 8100 8100 8100 8100 8100 8100 8100 8100 8100 8100 8100 8100 8100 8100 8100 8100 8100 8100 8100 8100 8100 8100 8100 8100 8100 8100 8100 8100 8100 8100 8100 8100 8100 8100 8100 8100 8100 8100 8100 8100 8100 8100 8100 8100 8100 8100 8100 8100 8100 8100 8100 8100 8100 8100 8100 8100 
8150 8150 8150 8150 8150 8150 8150 8150 8150 8150 8150 8150 8150 8150 8150 8150 8150 8150 8150 8150 8150 8150 8150 8150 8150 8150 8150 8150 8150 8150 8150 8150 8150 8150 8150 8150 8150 8150 8150 8150 8150 8150 8150 8150 8150 8150 8150 8150 8150 8150 8150 8150 8150 8150 8150 8150 8150 8150 8150 8150 8150 8150 8150 8150 8150 8150 8150 8150 8150 8150 8150 8150 8150 8150 8150 8150 8150 8150 8150 8150 8150 8150 8150 8150 8150 8150 8150 8150 8150 8150 8150 8150 8150 8150 8150 8150 8150 8150 8150 8150 
8200 8200 8200 8200 8200 8200 8200 8200 8200 8200 8200 8200 8200 8200 8200 8200 8200 8200 8200 8200 8200 8200 8200 8200 8200 8200 8200 8200 8200 8200 8200 8200 8200 8200 8200 8200 8200 8200 8200 8200 8200 8200 8200 8200 8200 8200 8200 8200 8200 8200 8200 8200 8200 8200 8200 8200 8200 8200 8200 8200 8200 8200 8200 8200 8200 8200 8200 8200 8200 8200 8200 8200 8200 8200 8200 8200 8200 8200 8200 8200 8200 8200 8200 8200 8200 8200 8200 8200 8200 8200 8200 8200 8200 8200 8200 8200 8200 8200 8200 8200 
8250 8250 8250 8250 8250 8250 8250 8250 8250 8250 8250 8250 8250 8250 8250 8250 8250 8250 8250 8250 8250 8250 8250 8250 8250 8250 8250 8250 8250 8250 8250 8250 8250 8250 8250 8250 8250 8250 8250 8250 8250 8250 8250 8250 8250 8250 8250 8250 8250 8250 8250 8250 8250 8250 8250 8250 8250 8250 8250 8250 8250 8250 8250 8250 8250 8250 8250 8250 8250 8250 8250 8250 8250 8250 8250 8250 8250 8250 8250 8250 8250 8250 8250 8250 8250 8250 8250 8250 8250 8250 8250 8250 8250 8250 8250 8250 8250 8250 8250 8250 
8300 8300 8300 8300 8300 8300 8300 8300 8300 8300 8300 8300 8300 8300 8300 8300 8300 8300 8300 8300 8300 8300 8300 8300 8300 8300 8300 8300 8300 8300 8300 8300 8300 8300 8300 8300 8300 8300 8300 8300 8300 8300 8300 8300 8300 8300 8300 8300 8300 8300 8300 8300 8300 8300 8300 8300 8300 8300 8300 8300 8300 8300 8300 8300 8300 8300 8300 8300 8300 8300 8300 8300 8300 8300 8300 8300 8300 8300 8300 8300 8300 8300 8300 8300 8300 8300 8300 8300 8300 8300 8300 8300 8300 8300 8300 8300 8300 8300 8300 8300 
8350 8350 8350 8350 8350 8350 8350 8350 8350 8350 8350 8350 8350 8350 8350 8350 8350 8350 8350 8350 8350 8350 8350 8350 8350 8350 8350 8350 8350 8350 8350 8350 8350 8350 8350 8350 8350 8350 8350 8350 8350 8350 8350 8350 8350 8350 8350 8350 8350 8350 8350 8350 8350 8350 8350 8350 8350 8350 8350 8350 8350 8350 8350 8350 8350 8350 8350 8350 8350 8350 8350 8350 8350 8350 8350 8350 8350 8350 8350 8350 8350 8350 8350 8350 8350 8350 8350 8350 8350 8350 8350 8350 8350 8350 8350 8350 8350 8350 8350 8350 
8400 8400 8400 8400 8400 8400 8400 8400 8400 8400 8400 8400 8400 8400 8400 8400 8400 8400 8400 8400 8400 8400 8400 8400 8400 8400 8400 8400 8400 8400 8400 8400 8400 8400 8400 8400 8400 8400 8400 8400 8400 8400 8400 8400 8400 8400 8400 8400 8400 8400 8400 8400 8400 8400 8400 8400 8400 8400 8400 8400 8400 8400 8400 8400 8400 8400 8400 8400 8400 8400 8400 8400 8400 8400 8400 8400 8400 8400 8400 8400 8400 8400 8400 8400 8400 8400 8400 8400 8400 8400 8400 8400 8400 8400 8400 8400 8400 8400 8400 8400 
8450 8450 8450 8450 8450 8450 8450 8450 8450 8450 8450 8450 8450 8450 8450 8450 8450 8450 8450 8450 8450 8450 8450 8450 8450 8450 8450 8450 8450 8450 8450 8450 8450 8450 8450 8450 8450 8450 8450 8450 8450 8450 8450 8450 8450 8450 8450 8450 8450 8450 8450 8450 8450 8450 8450 8450 8450 8450 8450 8450 8450 8450 8450 8450 8450 8450 8450 8450 8450 8450 8450 8450 8450 8450 8450 8450 8450 8450 8450 8450 8450 8450 8450 8450 8450 8450 8450 8450 8450 8450 8450 8450 8450 8450 8450 8450 8450 8450 8450 8450 
8500 8500 8500 8500 8500 8500 8500 8500 8500 8500 8500 8500 8500 8500 8500 8500 8500 8500 8500 8500 8500 8500 8500 8500 8500 8500 8500 8500 8500 8500 8500 8500 8500 8500 8500 8500 8500 8500 8500 8500 8500 8500 8500 8500 8500 8500 8500 8500 8500 8500 8500 8500 8500 8500 8500 8500 8500 8500 8500 8500 8500 8500 8500 8500 8500 8500 8500 8500 8500 8500 8500 8500 8500 8500 8500 8500 8500 8500 8500 8500 8500 8500 8500 8500 8500 8500 8500 8500 8500 8500 8500 8500 8500 8500 8500 8500 8500 8500 8500 8500 
8550 8550 8550 8550 8550 8550 8550 8550 8550 8550 8550 8550 8550 8550 8550 8550 8550 8550 8550 8550 8550 8550 8550 8550 8550 8550 8550 8550 8550 8550 8550 8550 8550 8550 8550 8550 8550 8550 8550 8550 8550 8550 8550 8550 8550 8550 8550 8550 8550 8550 8550 8550 8550 8550 8550 8550 8550 8550 8550 8550 8550 8550 8550 8550 8550 8550 8550 8550 8550 8550 8550 8550 8550 8550 8550 8550 8550 8550 8550 8550 8550 8550 8550 8550 8550 8550 8550 8550 8550 8550 8550 8550 8550 8550 8550 8550 8550 8550 8550 8550 
8600 8600 8600 8600 8600 8600 8600 8600 8600 8600 8600 8600 8600 8600 8600 8600 8600 8600 8600 8600 8600 8600 8600 8600 8600 8600 8600 8600 8600 8600 8600 8600 8600 8600 8600 8600 8600 8600 8600 8600 8600 8600 8600 8600 8600 8600 8600 8600 8600 8600 8600 8600 8600 8600 8600 8600 8600 8600 8600 8600 8600 8600 8600 8600 8600 8600 8600 8600 8600 8600 8600 8600 8600 8600 8600 8600 8600 8600 8600 8600 8600 8600 8600 8600 8600 8600 8600 8600 8600 8600 8600 8600 8600 8600 8600 8600 8600 8600 8600 8600 
8650 8650 8650 8650 8650 8650 8650 8650 8650 8650 8650 8650 8650 8650 8650 8650 8650 8650 8650 8650 8650 8650 8650 8650 8650 8650 8650 8650 8650 8650 8650 8650 8650 8650 8650 8650 8650 8650 8650 8650 8650 8650 8650 8650 8650 8650 8650 8650 8650 8650 8650 8650 8650 8650 8650 8650 8650 8650 8650 8650 8650 8650 8650 8650 8650 8650 8650 8650 8650 8650 8650 8650 8650 8650 8650 8650 8650 8650 8650 8650 8650 8650 8650 8650 8650 8650 8650 8650 8650 8650 8650 8650 8650 8650 8650 8650 8650 8650 8650 8650 
8700 8700 8700 8700 8700 8700 8700 8700 8700 8700 8700 8700 8700 8700 8700 8700 8700 8700 8700 8700 8700 8700 8700 8700 8700 8700 8700 8700 8700 8700 8700 8700 8700 8700 8700 8700 8700 8700 8700 8700 8700 8700 8700 8700 8700 8700 8700 8700 8700 8700 8700 8700 8700 8700 8700 8700 8700 8700 8700 8700 8700 8700 8700 8700 8700 8700 8700 8700 8700 8700 8700 8700 8700 8700 8700 8700 8700 8700 8700 8700 8700 8700 8700 8700 8700 8700 8700 8700 8700 8700 8700 8700 8700 8700 8700 8700 8700 8700 8700 8700 
8750 8750 8750 8750 8750 8750 8750 8750 8750 8750 8750 8750 8750 8750 8750 8750 8750 8750 8750 8750 8750 8750 8750 8750 8750 8750 8750 8750 8750 8750 8750 8750 8750 8750 8750 8750 8750 8750 8750 8750 8750 8750 8750 8750 8750 8750 8750 8750 8750 8750 8750 8750 8750 8750 8750 8750 8750 8750 8750 8750 8750 8750 8750 8750 8750 8750 8750 8750 8750 8750 8750 8750 8750 8750 8750 8750 8750 8750 8750 8750 8750 8750 8750 8750 8750 8750 8750 8750 8750 8750 8750 8750 8750 8750 8750 8750 8750 8750 8750 8750 
8800 8800 8800 8800 8800 8800 8800 8800 8800 8800 8800 8800 8800 8800 8800 8800 8800 8800 8800 8800 8800 8800 8800 8800 8800 8800 8800 8800 8800 8800 8800 8800 8800 8800 8800 8800 8800 8800 8800 8800 8800 8800 8800 8800 8800 8800 8800 8800 8800 8800 8800 8800 8800 8800 8800 8800 8800 8800 8800 8800 8800 8800 8800 8800 8800 8800 8800 8800 8800 8800 8800 8800 8800 8800 8800 8800 8800 8800 8800 8800 8800 8800 8800 8800 8800 8800 8800 8800 8800 8800 8800 8800 8800 8800 8800 8800 8800 8800 8800 8800 
8850 8850 8850 8850 8850 8850 8850 8850 8850 8850 8850 8850 8850 8850 8850 8850 8850 8850 8850 8850 8850 8850 8850 8850 8850 8850 8850 8850 8850 8850 8850 8850 8850 8850 8850 8850 8850 8850 8850 8850 8850 8850 8850 8850 8850 8850 8850 8850 8850 8850 8850 8850 8850 8850 8850 8850 8850 8850 8850 8850 8850 8850 8850 8850 8850 8850 8850 8850 8850 8850 8850 8850 8850 8850 8850 8850 8850 8850 8850 8850 8850 8850 8850 8850 8850 8850 8850 8850 8850 8850 8850 8850 8850 8850 8850 8850 8850 8850 8850 8850 
8900 8900 8900 8900 8900 8900 8900 8900 8900 8900 8900 8900 8900 8900 8900 8900 8900 8900 8900 8900 8900 8900 8900 8900 8900 8900 8900 8900 8900 8900 8900 8900 8900 8900 8900 8900 8900 8900 8900 8900 8900 8900 8900 8900 8900 8900 8900 8900 8900 8900 8900 8900 8900 8900 8900 8900 8900 8900 8900 8900 8900 8900 8900 8900 8900 8900 8900 8900 8900 8900 8900 8900 8900 8900 8900 8900 8900 8900 8900 8900 8900 8900 8900 8900 8900 8900 8900 8900 8900 8900 8900 8900 8900 8900 8900 8900 8900 8900 8900 8900 
8950 8950 8950 8950 8950 8950 8950 8950 8950 8950 8950 8950 8950 8950 8950 8950 8950 8950 8950 8950 8950 8950 8950 8950 8950 8950 8950 8950 8950 8950 8950 8950 8950 8950 8950 8950 8950 8950 8950 8950 8950 8950 8950 8950 8950 8950 8950 8950 8950 8950 8950 8950 8950 8950 8950 8950 8950 8950 8950 8950 8950 8950 8950 8950 8950 8950 8950 8950 8950 8950 8950 8950 8950 8950 8950 8950 8950 8950 8950 8950 8950 8950 8950 8950 8950 8950 8950 8950 8950 8950 8950 8950 8950 8950 8950 8950 8950 8950 8950 8950 
9000 9000 9000 9000 9000 9000 9000 9000 9000 9000 9000 9000 9000 9000 9000 9000 9000 9000 9000 9000 9000 9000 9000 9000 9000 9000 9000 9000 9000 9000 9000 9000 9000 9000 9000 9000 9000 9000 9000 9000 9000 9000 9000 9000 9000 9000 9000 9000 9000 9000 9000 9000 9000 9000 9000 9000 9000 9000 9000 9000 9000 9000 9000 9000 9000 9000 9000 9000 9000 9000 9000 9000 9000 9000 9000 9000 9000 9000 9000 9000 9000 9000 9000 9000 9000 9000 9000 9000 9000 9000 9000 9000 9000 9000 9000 9000 9000 9000 9000 9000 
9050 9050 9050 9050 9050 9050 9050 9050 9050 9050 9050 9050 9050 9050 9050 9050 9050 9050 9050 9050 9050 9050 9050 9050 9050 9050 9050 9050 9050 9050 9050 9050 9050 9050 9050 9050 9050 9050 9050 9050 9050 9050 9050 9050 9050 9050 9050 9050 9050 9050 9050 9050 9050 9050 9050 9050 9050 9050 9050 9050 9050 9050 9050 9050 9050 9050 9050 9050 9050 9050 9050 9050 9050 9050 9050 9050 9050 9050 9050 9050 9050 9050 9050 9050 9050 9050 9050 9050 9050 9050 9050 9050 9050 9050 9050 9050 9050 9050 9050 9050 
9100 9100 9100 9100 9100 9100 9100 9100 9100 9100 9100 9100 9100 9100 9100 9100 9100 9100 9100 9100 9100 9100 9100 9100 9100 9100 9100 9100 9100 9100 9100 9100 9100 9100 9100 9100 9100 9100 9100 9100 9100 9100 9100 9100 9100 9100 9100 9100 9100 9100 9100 9100 9100 9100 9100 9100 9100 9100 9100 9100 9100 9100 9100 9100 9100 9100 9100 9100 9100 9100 9100 9100 9100 9100 9100 9100 9100 9100 9100 9100 9100 9100 9100 9100 9100 9100 9100 9100 9100 9100 9100 9100 9100 9100 9100 9100 9100 9100 9100 9100 
9150 9150 9150 9150 9150 9150 9150 9150 9150 9150 9150 9150 9150 9150 9150 9150 9150 9150 9150 9150 9150 9150 9150 9150 9150 9150 9150 9150 9150 9150 9150 9150 9150 9150 9150 9150 9150 9150 9150 9150 9150 9150 9150 9150 9150 9150 9150 9150 9150 9150 9150 9150 9150 9150 9150 9150 9150 9150 9150 9150 9150 9150 9150 9150 9150 9150 9150 9150 9150 9150 9150 9150 9150 9150 9150 9150 9150 9150 9150 9150 9150 9150 9150 9150 9150 9150 9150 9150 9150 9150 9150 9150 9150 9150 9150 9150 9150 9150 9150 9150 
9200 9200 9200 9200 9200 9200 9200 9200 9200 9200 9200 9200 9200 9200 9200 9200 9200 9200 9200 9200 9200 9200 9200 9200 9200 9200 9200 9200 9200 9200 9200 9200 9200 9200 9200 9200 9200 9200 9200 9200 9200 9200 9200 9200 9200 9200 9200 9200 9200 9200 9200 9200 9200 9200 9200 9200 9200 9200 9200 9200 9200 9200 9200 9200 9200 9200 9200 9200 9200 9200 9200 9200 9200 9200 9200 9200 9200 9200 9200 9200 9200 9200 9200 9200 9200 9200 9200 9200 9200 9200 9200 9200 9200 9200 9200 9200 9200 9200 9200 9200 
9250 9250 9250 9250 9250 9250 9250 9250 9250 9250 9250 9250 9250 9250 9250 9250 9250 9250 9250 9250 9250 9250 9250 9250 9250 9250 9250 9250 9250 9250 9250 9250 9250 9250 9250 9250 9250 9250 9250 9250 9250 9250 9250 9250 9250 9250 9250 9250 9250 9250 9250 9250 9250 9250 9250 9250 9250 9250 9250 9250 9250 9250 9250 9250 9250 9250 9250 9250 9250 9250 9250 9250 9250 9250 9250 9250 9250 9250 9250 9250 9250 9250 9250 9250 9250 9250 9250 9250 9250 9250 9250 9250 9250 9250 9250 9250 9250 9250 9250 9250 
9300 9300 9300 9300 9300 9300 9300 9300 9300 9300 9300 9300 9300 9300 9300 9300 9300 9300 9300 9300 9300 9300 9300 9300 9300 9300 9300 9300 9300 9300 9300 9300 9300 9300 9300 9300 9300 9300 9300 9300 9300 9300 9300 9300 9300 9300 9300 9300 9300 9300 9300 9300 9300 9300 9300 9300 9300 9300 9300 9300 9300 9300 9300 9300 9300 9300 9300 9300 9300 9300 9300 9300 9300 9300 9300 9300 9300 9300 9300 9300 9300 9300 9300 9300 9300 9300 9300 9300 9300 9300 9300 9300 9300 9300 9300 9300 9300 9300 9300 9300 
9350 9350 9350 9350 9350 9350 9350 9350 9350 9350 9350 9350 9350 9350 9350 9350 9350 9350 9350 9350 9350 9350 9350 9350 9350 9350 9350 9350 9350 9350 9350 9350 9350 9350 9350 9350 9350 9350 9350 9350 9350 9350 9350 9350 9350 9350 9350 9350 9350 9350 9350 9350 9350 9350 9350 9350 9350 9350 9350 9350 9350 9350 9350 9350 9350 9350 9350 9350 9350 9350 9350 9350 9350 9350 9350 9350 9350 9350 9350 9350 9350 9350 9350 9350 9350 9350 9350 9350 9350 9350 9350 9350 9350 9350 9350 9350 9350 9350 9350 9350 
9400 9400 9400 9400 9400 9400 9400 9400 9400 9400 9400 9400 9400 9400 9400 9400 9400 9400 9400 9400 9400 9400 9400 9400 9400 9400 9400 9400 9400 9400 9400 9400 9400 9400 9400 9400 9400 9400 9400 9400 9400 9400 9400 9400 9400 9400 9400 9400 9400 9400 9400 9400 9400 9400 9400 9400 9400 9400 9400 9400 9400 9400 9400 9400 9400 9400 9400 9400 9400 9400 9400 9400 9400 9400 9400 9400 9400 9400 9400 9400 9400 9400 9400 9400 9400 9400 9400 9400 9400 9400 9400 9400 9400 9400 9400 9400 9400 9400 9400 9400 
9450 9450 9450 9450 9450 9450 9450 9450 9450 9450 9450 9450 9450 9450 9450 9450 9450 9450 9450 9450 9450 9450 9450 9450 9450 9450 9450 9450 9450 9450 9450 9450 9450 9450 9450 9450 9450 9450 9450 9450 9450 9450 9450 9450 9450 9450 9450 9450 9450 9450 9450 9450 9450 9450 9450 9450 9450 9450 9450 9450 9450 9450 9450 9450 9450 9450 9450 9450 9450 9450 9450 9450 9450 9450 9450 9450 9450 9450 9450 9450 9450 9450 9450 9450 9450 9450 9450 9450 9450 9450 9450 9450 9450 9450 9450 9450 9450 9450 9450 9450 
9500 9500 9500 9500 9500 9500 9500 9500 9500 9500 9500 9500 9500 9500 9500 9500 9500 9500 9500 9500 9500 9500 9500 9500 9500 9500 9500 9500 9500 9500 9500 9500 9500 9500 9500 9500 9500 9500 9500 9500 9500 9500 9500 9500 9500 9500 9500 9500 9500 9500 9500 9500 9500 9500 9500 9500 9500 9500 9500 9500 9500 9500 9500 9500 9500 9500 9500 9500 9500 9500 9500 9500 9500 9500 9500 9500 9500 9500 9500 9500 9500 9500 9500 9500 9500 9500 9500 9500 9500 9500 9500 9500 9500 9500 9500 9500 9500 9500 9500 9500 
9550 9550 9550 9550 9550 9550 9550 9550 9550 9550 9550 9550 9550 9550 9550 9550 9550 9550 9550 9550 9550 9550 9550 9550 9550 9550 9550 9550 9550 9550 9550 9550 9550 9550 9550 9550 9550 9550 9550 9550 9550 9550 9550 9550 9550 9550 9550 9550 9550 9550 9550 9550 9550 9550 9550 9550 9550 9550 9550 9550 9550 9550 9550 9550 9550 9550 9550 9550 9550 9550 9550 9550 9550 9550 9550 9550 9550 9550 9550 9550 9550 9550 9550 9550 9550 9550 9550 9550 9550 9550 9550 9550 9550 9550 9550 9550 9550 9550 9550 9550 
9600 9600 9600 9600 9600 9600 9600 9600 9600 9600 9600 9600 9600 9600 9600 9600 9600 9600 9600 9600 9600 9600 9600 9600 9600 9600 9600 9600 9600 9600 9600 9600 9600 9600 9600 9600 9600 9600 9600 9600 9600 9600 9600 9600 9600 9600 9600 9600 9600 9600 9600 9600 9600 9600 9600 9600 9600 9600 9600 9600 9600 9600 9600 9600 9600 9600 9600 9600 9600 9600 9600 9600 9600 9600 9600 9600 9600 9600 9600 9600 9600 9600 9600 9600 9600 9600 9600 9600 9600 9600 9600 9600 9600 9600 9600 9600 9600 9600 9600 9600 
9650 9650 9650 9650 9650 9650 9650 9650 9650 9650 9650 9650 9650 9650 9650 9650 9650 9650 9650 9650 9650 9650 9650 9650 9650 9650 9650 9650 9650 9650 9650 9650 9650 9650 9650 9650 9650 9650 9650 9650 9650 9650 9650 9650 9650 9650 9650 9650 9650 9650 9650 9650 9650 9650 9650 9650 9650 9650 9650 9650 9650 9650 9650 9650 9650 9650 9650 9650 9650 9650 9650 9650 9650 9650 9650 9650 9650 9650 9650 9650 9650 9650 9650 9650 9650 9650 9650 9650 9650 9650 9650 9650 9650 9650 9650 9650 9650 9650 9650 9650 
9700 9700 9700 9700 9700 9700 9700 9700 9700 9700 9700 9700 9700 9700 9700 9700 9700 9700 9700 9700 9700 9700 9700 9700 9700 9700 9700 9700 9700 9700 9700 9700 9700 9700 9700 9700 9700 9700 9700 9700 9700 9700 9700 9700 9700 9700 9700 9700 9700 9700 9700 9700 9700 9700 9700 9700 9700 9700 9700 9700 9700 9700 9700 9700 9700 9700 9700 9700 9700 9700 9700 9700 9700 9700 9700 9700 9700 9700 9700 9700 9700 9700 9700 9700 9700 9700 9700 9700 9700 9700 9700 9700 9700 9700 9700 9700 9700 9700 9700 9700 
9750 9750 9750 9750 9750 9750 9750 9750 9750 9750 9750 9750 9750 9750 9750 9750 9750 9750 9750 9750 9750 9750 9750 9750 9750 9750 9750 9750 9750 9750 9750 9750 9750 9750 9750 9750 9750 9750 9750 9750 9750 9750 9750 9750 9750 9750 9750 9750 9750 9750 9750 9750 9750 9750 9750 9750 9750 9750 9750 9750 9750 9750 9750 9750 9750 9750 9750 9750 9750 9750 9750 9750 9750 9750 9750 9750 9750 9750 9750 9750 9750 9750 9750 9750 9750 9750 9750 9750 9750 9750 9750 9750 9750 9750 9750 9750 9750 9750 9750 9750 
9800 9800 9800 9800 9800 9800 9800 9800 9800 9800 9800 9800 9800 9800 9800 9800 9800 9800 9800 9800 9800 9800 9800 9800 9800 9800 9800 9800 9800 9800 9800 9800 9800 9800 9800 9800 9800 9800 9800 9800 9800 9800 9800 9800 9800 9800 9800 9800 9800 9800 9800 9800 9800 9800 9800 9800 9800 9800 9800 9800 9800 9800 9800 9800 9800 9800 9800 9800 9800 9800 9800 9800 9800 9800 9800 9800 9800 9800 9800 9800 9800 9800 9800 9800 9800 9800 9800 9800 9800 9800 9800 9800 9800 9800 9800 9800 9800 9800 9800 9800 
9850 9850 9850 9850 9850 9850 9850 9850 9850 9850 9850 9850 9850 9850 9850 9850 9850 9850 9850 9850 9850 9850 9850 9850 9850 9850 9850 9850 9850 9850 9850 9850 9850 9850 9850 9850 9850 9850 9850 9850 9850 9850 9850 9850 9850 9850 9850 9850 9850 9850 9850 9850 9850 9850 9850 9850 9850 9850 9850 9850 9850 9850 9850 9850 9850 9850 9850 9850 9850 9850 9850 9850 9850 9850 9850 9850 9850 9850 9850 9850 9850 9850 9850 9850 9850 9850 9850 9850 9850 9850 9850 9850 9850 9850 9850 9850 9850 9850 9850 9850 
9900 9900 9900 9900 9900 9900 9900 9900 9900 9900 9900 9900 9900 9900 9900 9900 9900 9900 9900 9900 9900 9900 9900 9900 9900 9900 9900 9900 9900 9900 9900 9900 9900 9900 9900 9900 9900 9900 9900 9900 9900 9900 9900 9900 9900 9900 9900 9900 9900 9900 9900 9900 9900 9900 9900 9900 9900 9900 9900 9900 9900 9900 9900 9900 9900 9900 9900 9900 9900 9900 9900 9900 9900 9900 9900 9900 9900 9900 9900 9900 9900 9900 9900 9900 9900 9900 9900 9900 9900 9900 9900 9900 9900 9900 9900 9900 9900 9900 9900 9900 
9950 9950 9950 9950 9950 9950 9950 9950 9950 9950 9950 9950 9950 9950 9950 9950 9950 9950 9950 9950 9950 9950 9950 9950 9950 9950 9950 9950 9950 9950 9950 9950 9950 9950 9950 9950 9950 9950 9950 9950 9950 9950 9950 9950 9950 9950 9950 9950 9950 9950 9950 9950 9950 9950 9950 9950 9950 9950 9950 9950 9950 9950 9950 9950 9950 9950 9950 9950 9950 9950 9950 9950 9950 9950 9950 9950 9950 9950 9950 9950 9950 9950 9950 9950 9950 9950 9950 9950 9950 9950 9950 9950 9950 9950 9950 9950 9950 9950 9950 9950 
0 0 0 0 0 0 0 0 0 0 0 0 0 0 0 0 0 0 0 0 0 0 0 0 0 0 0 0 0 0 0 0 0 0 0 0 0 0 0 0 0 0 0 0 0 0 0 0 0 0 0 0 0 0 0 0 0 0 0 0 0 0 0 0 0 0 0 0 0 0 0 0 0 0 0 0 0 0 0 0 0 0 0 0 0 0 0 0 0 0 0 0 0 0 0 0 0 0 0 0 
0 0 0 0 0 0 0 0 0 0 0 0 0 0 0 0 0 0 0 0 0 0 0 0 0 0 0 0 0 0 0 0 0 0 0 0 0 0 0 0 0 0 0 0 0 0 0 0 0 0 0 0 0 0 0 0 0 0 0 0 0 0 0 0 0 0 0 0 0 0 0 0 0 0 0 0 0 0 0 0 0 0 0 0 0 0 0 0 0 0 0 0 0 0 0 0 0 0 0 0 
0 0 0 0 0 0 0 0 0 0 0 0 0 0 0 0 0 0 0 0 0 0 0 0 0 0 0 0 0 0 0 0 0 0 0 0 0 0 0 0 0 0 0 0 0 0 0 0 0 0 0 0 0 0 0 0 0 0 0 0 0 0 0 0 0 0 0 0 0 0 0 0 0 0 0 0 0 0 0 0 0 0 0 0 0 0 0 0 0 0 0 0 0 0 0 0 0 0 0 0 
0 0 0 0 0 0 0 0 0 0 0 0 0 0 0 0 0 0 0 0 0 0 0 0 0 0 0 0 0 0 0 0 0 0 0 0 0 0 0 0 0 0 0 0 0 0 0 0 0 0 0 0 0 0 0 0 0 0 0 0 0 0 0 0 0 0 0 0 0 0 0 0 0 0 0 0 0 0 0 0 0 0 0 0 0 0 0 0 0 0 0 0 0 0 0 0 0 0 0 0 
0 0 0 0 0 0 0 0 0 0 0 0 0 0 0 0 0 0 0 0 0 0 0 0 0 0 0 0 0 0 0 0 0 0 0 0 0 0 0 0 0 0 0 0 0 0 0 0 0 0 0 0 0 0 0 0 0 0 0 0 0 0 0 0 0 0 0 0 0 0 0 0 0 0 0 0 0 0 0 0 0 0 0 0 0 0 0 0 0 0 0 0 0 0 0 0 0 0 0 0 
0 0 0 0 0 0 0 0 0 0 0 0 0 0 0 0 0 0 0 0 0 0 0 0 0 0 0 0 0 0 0 0 0 0 0 0 0 0 0 0 0 0 0 0 0 0 0 0 0 0 0 0 0 0 0 0 0 0 0 0 0 0 0 0 0 0 0 0 0 0 0 0 0 0 0 0 0 0 0 0 0 0 0 0 0 0 0 0 0 0 0 0 0 0 0 0 0 0 0 0 
0 0 0 0 0 0 0 0 0 0 0 0 0 0 0 0 0 0 0 0 0 0 0 0 0 0 0 0 0 0 0 0 0 0 0 0 0 0 0 0 0 0 0 0 0 0 0 0 0 0 0 0 0 0 0 0 0 0 0 0 0 0 0 0 0 0 0 0 0 0 0 0 0 0 0 0 0 0 0 0 0 0 0 0 0 0 0 0 0 0 0 0 0 0 0 0 0 0 0 0 
0 0 0 0 0 0 0 0 0 0 0 0 0 0 0 0 0 0 0 0 0 0 0 0 0 0 0 0 0 0 0 0 0 0 0 0 0 0 0 0 0 0 0 0 0 0 0 0 0 0 0 0 0 0 0 0 0 0 0 0 0 0 0 0 0 0 0 0 0 0 0 0 0 0 0 0 0 0 0 0 0 0 0 0 0 0 0 0 0 0 0 0 0 0 0 0 0 0 0 0 
0 0 0 0 0 0 0 0 0 0 0 0 0 0 0 0 0 0 0 0 0 0 0 0 0 0 0 0 0 0 0 0 0 0 0 0 0 0 0 0 0 0 0 0 0 0 0 0 0 0 0 0 0 0 0 0 0 0 0 0 0 0 0 0 0 0 0 0 0 0 0 0 0 0 0 0 0 0 0 0 0 0 0 0 0 0 0 0 0 0 0 0 0 0 0 0 0 0 0 0 
0 0 0 0 0 0 0 0 0 0 0 0 0 0 0 0 0 0 0 0 0 0 0 0 0 0 0 0 0 0 0 0 0 0 0 0 0 0 0 0 0 0 0 0 0 0 0 0 0 0 0 0 0 0 0 0 0 0 0 0 0 0 0 0 0 0 0 0 0 0 0 0 0 0 0 0 0 0 0 0 0 0 0 0 0 0 0 0 0 0 0 0 0 0 0 0 0 0 0 0 
0 0 0 0 0 0 0 0 0 0 0 0 0 0 0 0 0 0 0 0 0 0 0 0 0 0 0 0 0 0 0 0 0 0 0 0 0 0 0 0 0 0 0 0 0 0 0 0 0 0 0 0 0 0 0 0 0 0 0 0 0 0 0 0 0 0 0 0 0 0 0 0 0 0 0 0 0 0 0 0 0 0 0 0 0 0 0 0 0 0 0 0 0 0 0 0 0 0 0 0 
0 0 0 0 0 0 0 0 0 0 0 0 0 0 0 0 0 0 0 0 0 0 0 0 0 0 0 0 0 0 0 0 0 0 0 0 0 0 0 0 0 0 0 0 0 0 0 0 0 0 0 0 0 0 0 0 0 0 0 0 0 0 0 0 0 0 0 0 0 0 0 0 0 0 0 0 0 0 0 0 0 0 0 0 0 0 0 0 0 0 0 0 0 0 0 0 0 0 0 0 
0 0 0 0 0 0 0 0 0 0 0 0 0 0 0 0 0 0 0 0 0 0 0 0 0 0 0 0 0 0 0 0 0 0 0 0 0 0 0 0 0 0 0 0 0 0 0 0 0 0 0 0 0 0 0 0 0 0 0 0 0 0 0 0 0 0 0 0 0 0 0 0 0 0 0 0 0 0 0 0 0 0 0 0 0 0 0 0 0 0 0 0 0 0 0 0 0 0 0 0 
0 0 0 0 0 0 0 0 0 0 0 0 0 0 0 0 0 0 0 0 0 0 0 0 0 0 0 0 0 0 0 0 0 0 0 0 0 0 0 0 0 0 0 0 0 0 0 0 0 0 0 0 0 0 0 0 0 0 0 0 0 0 0 0 0 0 0 0 0 0 0 0 0 0 0 0 0 0 0 0 0 0 0 0 0 0 0 0 0 0 0 0 0 0 0 0 0 0 0 0 
0 0 0 0 0 0 0 0 0 0 0 0 0 0 0 0 0 0 0 0 0 0 0 0 0 0 0 0 0 0 0 0 0 0 0 0 0 0 0 0 0 0 0 0 0 0 0 0 0 0 0 0 0 0 0 0 0 0 0 0 0 0 0 0 0 0 0 0 0 0 0 0 0 0 0 0 0 0 0 0 0 0 0 0 0 0 0 0 0 0 0 0 0 0 0 0 0 0 0 0 
0 0 0 0 0 0 0 0 0 0 0 0 0 0 0 0 0 0 0 0 0 0 0 0 0 0 0 0 0 0 0 0 0 0 0 0 0 0 0 0 0 0 0 0 0 0 0 0 0 0 0 0 0 0 0 0 0 0 0 0 0 0 0 0 0 0 0 0 0 0 0 0 0 0 0 0 0 0 0 0 0 0 0 0 0 0 0 0 0 0 0 0 0 0 0 0 0 0 0 0 
0 0 0 0 0 0 0 0 0 0 0 0 0 0 0 0 0 0 0 0 0 0 0 0 0 0 0 0 0 0 0 0 0 0 0 0 0 0 0 0 0 0 0 0 0 0 0 0 0 0 0 0 0 0 0 0 0 0 0 0 0 0 0 0 0 0 0 0 0 0 0 0 0 0 0 0 0 0 0 0 0 0 0 0 0 0 0 0 0 0 0 0 0 0 0 0 0 0 0 0 
0 0 0 0 0 0 0 0 0 0 0 0 0 0 0 0 0 0 0 0 0 0 0 0 0 0 0 0 0 0 0 0 0 0 0 0 0 0 0 0 0 0 0 0 0 0 0 0 0 0 0 0 0 0 0 0 0 0 0 0 0 0 0 0 0 0 0 0 0 0 0 0 0 0 0 0 0 0 0 0 0 0 0 0 0 0 0 0 0 0 0 0 0 0 0 0 0 0 0 0 
0 0 0 0 0 0 0 0 0 0 0 0 0 0 0 0 0 0 0 0 0 0 0 0 0 0 0 0 0 0 0 0 0 0 0 0 0 0 0 0 0 0 0 0 0 0 0 0 0 0 0 0 0 0 0 0 0 0 0 0 0 0 0 0 0 0 0 0 0 0 0 0 0 0 0 0 0 0 0 0 0 0 0 0 0 0 0 0 0 0 0 0 0 0 0 0 0 0 0 0 
0 0 0 0 0 0 0 0 0 0 0 0 0 0 0 0 0 0 0 0 0 0 0 0 0 0 0 0 0 0 0 0 0 0 0 0 0 0 0 0 0 0 0 0 0 0 0 0 0 0 0 0 0 0 0 0 0 0 0 0 0 0 0 0 0 0 0 0 0 0 0 0 0 0 0 0 0 0 0 0 0 0 0 0 0 0 0 0 0 0 0 0 0 0 0 0 0 0 0 0 
0 0 0 0 0 0 0 0 0 0 0 0 0 0 0 0 0 0 0 0 0 0 0 0 0 0 0 0 0 0 0 0 0 0 0 0 0 0 0 0 0 0 0 0 0 0 0 0 0 0 0 0 0 0 0 0 0 0 0 0 0 0 0 0 0 0 0 0 0 0 0 0 0 0 0 0 0 0 0 0 0 0 0 0 0 0 0 0 0 0 0 0 0 0 0 0 0 0 0 0 
0 0 0 0 0 0 0 0 0 0 0 0 0 0 0 0 0 0 0 0 0 0 0 0 0 0 0 0 0 0 0 0 0 0 0 0 0 0 0 0 0 0 0 0 0 0 0 0 0 0 0 0 0 0 0 0 0 0 0 0 0 0 0 0 0 0 0 0 0 0 0 0 0 0 0 0 0 0 0 0 0 0 0 0 0 0 0 0 0 0 0 0 0 0 0 0 0 0 0 0 
0 0 0 0 0 0 0 0 0 0 0 0 0 0 0 0 0 0 0 0 0 0 0 0 0 0 0 0 0 0 0 0 0 0 0 0 0 0 0 0 0 0 0 0 0 0 0 0 0 0 0 0 0 0 0 0 0 0 0 0 0 0 0 0 0 0 0 0 0 0 0 0 0 0 0 0 0 0 0 0 0 0 0 0 0 0 0 0 0 0 0 0 0 0 0 0 0 0 0 0 
0 0 0 0 0 0 0 0 0 0 0 0 0 0 0 0 0 0 0 0 0 0 0 0 0 0 0 0 0 0 0 0 0 0 0 0 0 0 0 0 0 0 0 0 0 0 0 0 0 0 0 0 0 0 0 0 0 0 0 0 0 0 0 0 0 0 0 0 0 0 0 0 0 0 0 0 0 0 0 0 0 0 0 0 0 0 0 0 0 0 0 0 0 0 0 0 0 0 0 0 
0 0 0 0 0 0 0 0 0 0 0 0 0 0 0 0 0 0 0 0 0 0 0 0 0 0 0 0 0 0 0 0 0 0 0 0 0 0 0 0 0 0 0 0 0 0 0 0 0 0 0 0 0 0 0 0 0 0 0 0 0 0 0 0 0 0 0 0 0 0 0 0 0 0 0 0 0 0 0 0 0 0 0 0 0 0 0 0 0 0 0 0 0 0 0 0 0 0 0 0 
0 0 0 0 0 0 0 0 0 0 0 0 0 0 0 0 0 0 0 0 0 0 0 0 0 0 0 0 0 0 0 0 0 0 0 0 0 0 0 0 0 0 0 0 0 0 0 0 0 0 0 0 0 0 0 0 0 0 0 0 0 0 0 0 0 0 0 0 0 0 0 0 0 0 0 0 0 0 0 0 0 0 0 0 0 0 0 0 0 0 0 0 0 0 0 0 0 0 0 0 
0 0 0 0 0 0 0 0 0 0 0 0 0 0 0 0 0 0 0 0 0 0 0 0 0 0 0 0 0 0 0 0 0 0 0 0 0 0 0 0 0 0 0 0 0 0 0 0 0 0 0 0 0 0 0 0 0 0 0 0 0 0 0 0 0 0 0 0 0 0 0 0 0 0 0 0 0 0 0 0 0 0 0 0 0 0 0 0 0 0 0 0 0 0 0 0 0 0 0 0 
0 0 0 0 0 0 0 0 0 0 0 0 0 0 0 0 0 0 0 0 0 0 0 0 0 0 0 0 0 0 0 0 0 0 0 0 0 0 0 0 0 0 0 0 0 0 0 0 0 0 0 0 0 0 0 0 0 0 0 0 0 0 0 0 0 0 0 0 0 0 0 0 0 0 0 0 0 0 0 0 0 0 0 0 0 0 0 0 0 0 0 0 0 0 0 0 0 0 0 0 
0 0 0 0 0 0 0 0 0 0 0 0 0 0 0 0 0 0 0 0 0 0 0 0 0 0 0 0 0 0 0 0 0 0 0 0 0 0 0 0 0 0 0 0 0 0 0 0 0 0 0 0 0 0 0 0 0 0 0 0 0 0 0 0 0 0 0 0 0 0 0 0 0 0 0 0 0 0 0 0 0 0 0 0 0 0 0 0 0 0 0 0 0 0 0 0 0 0 0 0 
0 0 0 0 0 0 0 0 0 0 0 0 0 0 0 0 0 0 0 0 0 0 0 0 0 0 0 0 0 0 0 0 0 0 0 0 0 0 0 0 0 0 0 0 0 0 0 0 0 0 0 0 0 0 0 0 0 0 0 0 0 0 0 0 0 0 0 0 0 0 0 0 0 0 0 0 0 0 0 0 0 0 0 0 0 0 0 0 0 0 0 0 0 0 0 0 0 0 0 0 
0 0 0 0 0 0 0 0 0 0 0 0 0 0 0 0 0 0 0 0 0 0 0 0 0 0 0 0 0 0 0 0 0 0 0 0 0 0 0 0 0 0 0 0 0 0 0 0 0 0 0 0 0 0 0 0 0 0 0 0 0 0 0 0 0 0 0 0 0 0 0 0 0 0 0 0 0 0 0 0 0 0 0 0 0 0 0 0 0 0 0 0 0 0 0 0 0 0 0 0 
0 0 0 0 0 0 0 0 0 0 0 0 0 0 0 0 0 0 0 0 0 0 0 0 0 0 0 0 0 0 0 0 0 0 0 0 0 0 0 0 0 0 0 0 0 0 0 0 0 0 0 0 0 0 0 0 0 0 0 0 0 0 0 0 0 0 0 0 0 0 0 0 0 0 0 0 0 0 0 0 0 0 0 0 0 0 0 0 0 0 0 0 0 0 0 0 0 0 0 0 
0 0 0 0 0 0 0 0 0 0 0 0 0 0 0 0 0 0 0 0 0 0 0 0 0 0 0 0 0 0 0 0 0 0 0 0 0 0 0 0 0 0 0 0 0 0 0 0 0 0 0 0 0 0 0 0 0 0 0 0 0 0 0 0 0 0 0 0 0 0 0 0 0 0 0 0 0 0 0 0 0 0 0 0 0 0 0 0 0 0 0 0 0 0 0 0 0 0 0 0 
0 0 0 0 0 0 0 0 0 0 0 0 0 0 0 0 0 0 0 0 0 0 0 0 0 0 0 0 0 0 0 0 0 0 0 0 0 0 0 0 0 0 0 0 0 0 0 0 0 0 0 0 0 0 0 0 0 0 0 0 0 0 0 0 0 0 0 0 0 0 0 0 0 0 0 0 0 0 0 0 0 0 0 0 0 0 0 0 0 0 0 0 0 0 0 0 0 0 0 0 
0 0 0 0 0 0 0 0 0 0 0 0 0 0 0 0 0 0 0 0 0 0 0 0 0 0 0 0 0 0 0 0 0 0 0 0 0 0 0 0 0 0 0 0 0 0 0 0 0 0 0 0 0 0 0 0 0 0 0 0 0 0 0 0 0 0 0 0 0 0 0 0 0 0 0 0 0 0 0 0 0 0 0 0 0 0 0 0 0 0 0 0 0 0 0 0 0 0 0 0 
0 0 0 0 0 0 0 0 0 0 0 0 0 0 0 0 0 0 0 0 0 0 0 0 0 0 0 0 0 0 0 0 0 0 0 0 0 0 0 0 0 0 0 0 0 0 0 0 0 0 0 0 0 0 0 0 0 0 0 0 0 0 0 0 0 0 0 0 0 0 0 0 0 0 0 0 0 0 0 0 0 0 0 0 0 0 0 0 0 0 0 0 0 0 0 0 0 0 0 0 
0 0 0 0 0 0 0 0 0 0 0 0 0 0 0 0 0 0 0 0 0 0 0 0 0 0 0 0 0 0 0 0 0 0 0 0 0 0 0 0 0 0 0 0 0 0 0 0 0 0 0 0 0 0 0 0 0 0 0 0 0 0 0 0 0 0 0 0 0 0 0 0 0 0 0 0 0 0 0 0 0 0 0 0 0 0 0 0 0 0 0 0 0 0 0 0 0 0 0 0 
0 0 0 0 0 0 0 0 0 0 0 0 0 0 0 0 0 0 0 0 0 0 0 0 0 0 0 0 0 0 0 0 0 0 0 0 0 0 0 0 0 0 0 0 0 0 0 0 0 0 0 0 0 0 0 0 0 0 0 0 0 0 0 0 0 0 0 0 0 0 0 0 0 0 0 0 0 0 0 0 0 0 0 0 0 0 0 0 0 0 0 0 0 0 0 0 0 0 0 0 
0 0 0 0 0 0 0 0 0 0 0 0 0 0 0 0 0 0 0 0 0 0 0 0 0 0 0 0 0 0 0 0 0 0 0 0 0 0 0 0 0 0 0 0 0 0 0 0 0 0 0 0 0 0 0 0 0 0 0 0 0 0 0 0 0 0 0 0 0 0 0 0 0 0 0 0 0 0 0 0 0 0 0 0 0 0 0 0 0 0 0 0 0 0 0 0 0 0 0 0 
0 0 0 0 0 0 0 0 0 0 0 0 0 0 0 0 0 0 0 0 0 0 0 0 0 0 0 0 0 0 0 0 0 0 0 0 0 0 0 0 0 0 0 0 0 0 0 0 0 0 0 0 0 0 0 0 0 0 0 0 0 0 0 0 0 0 0 0 0 0 0 0 0 0 0 0 0 0 0 0 0 0 0 0 0 0 0 0 0 0 0 0 0 0 0 0 0 0 0 0 
0 0 0 0 0 0 0 0 0 0 0 0 0 0 0 0 0 0 0 0 0 0 0 0 0 0 0 0 0 0 0 0 0 0 0 0 0 0 0 0 0 0 0 0 0 0 0 0 0 0 0 0 0 0 0 0 0 0 0 0 0 0 0 0 0 0 0 0 0 0 0 0 0 0 0 0 0 0 0 0 0 0 0 0 0 0 0 0 0 0 0 0 0 0 0 0 0 0 0 0 
0 0 0 0 0 0 0 0 0 0 0 0 0 0 0 0 0 0 0 0 0 0 0 0 0 0 0 0 0 0 0 0 0 0 0 0 0 0 0 0 0 0 0 0 0 0 0 0 0 0 0 0 0 0 0 0 0 0 0 0 0 0 0 0 0 0 0 0 0 0 0 0 0 0 0 0 0 0 0 0 0 0 0 0 0 0 0 0 0 0 0 0 0 0 0 0 0 0 0 0 
0 0 0 0 0 0 0 0 0 0 0 0 0 0 0 0 0 0 0 0 0 0 0 0 0 0 0 0 0 0 0 0 0 0 0 0 0 0 0 0 0 0 0 0 0 0 0 0 0 0 0 0 0 0 0 0 0 0 0 0 0 0 0 0 0 0 0 0 0 0 0 0 0 0 0 0 0 0 0 0 0 0 0 0 0 0 0 0 0 0 0 0 0 0 0 0 0 0 0 0 
0 0 0 0 0 0 0 0 0 0 0 0 0 0 0 0 0 0 0 0 0 0 0 0 0 0 0 0 0 0 0 0 0 0 0 0 0 0 0 0 0 0 0 0 0 0 0 0 0 0 0 0 0 0 0 0 0 0 0 0 0 0 0 0 0 0 0 0 0 0 0 0 0 0 0 0 0 0 0 0 0 0 0 0 0 0 0 0 0 0 0 0 0 0 0 0 0 0 0 0 
0 0 0 0 0 0 0 0 0 0 0 0 0 0 0 0 0 0 0 0 0 0 0 0 0 0 0 0 0 0 0 0 0 0 0 0 0 0 0 0 0 0 0 0 0 0 0 0 0 0 0 0 0 0 0 0 0 0 0 0 0 0 0 0 0 0 0 0 0 0 0 0 0 0 0 0 0 0 0 0 0 0 0 0 0 0 0 0 0 0 0 0 0 0 0 0 0 0 0 0 
0 0 0 0 0 0 0 0 0 0 0 0 0 0 0 0 0 0 0 0 0 0 0 0 0 0 0 0 0 0 0 0 0 0 0 0 0 0 0 0 0 0 0 0 0 0 0 0 0 0 0 0 0 0 0 0 0 0 0 0 0 0 0 0 0 0 0 0 0 0 0 0 0 0 0 0 0 0 0 0 0 0 0 0 0 0 0 0 0 0 0 0 0 0 0 0 0 0 0 0 
0 0 0 0 0 0 0 0 0 0 0 0 0 0 0 0 0 0 0 0 0 0 0 0 0 0 0 0 0 0 0 0 0 0 0 0 0 0 0 0 0 0 0 0 0 0 0 0 0 0 0 0 0 0 0 0 0 0 0 0 0 0 0 0 0 0 0 0 0 0 0 0 0 0 0 0 0 0 0 0 0 0 0 0 0 0 0 0 0 0 0 0 0 0 0 0 0 0 0 0 
0 0 0 0 0 0 0 0 0 0 0 0 0 0 0 0 0 0 0 0 0 0 0 0 0 0 0 0 0 0 0 0 0 0 0 0 0 0 0 0 0 0 0 0 0 0 0 0 0 0 0 0 0 0 0 0 0 0 0 0 0 0 0 0 0 0 0 0 0 0 0 0 0 0 0 0 0 0 0 0 0 0 0 0 0 0 0 0 0 0 0 0 0 0 0 0 0 0 0 0 
0 0 0 0 0 0 0 0 0 0 0 0 0 0 0 0 0 0 0 0 0 0 0 0 0 0 0 0 0 0 0 0 0 0 0 0 0 0 0 0 0 0 0 0 0 0 0 0 0 0 0 0 0 0 0 0 0 0 0 0 0 0 0 0 0 0 0 0 0 0 0 0 0 0 0 0 0 0 0 0 0 0 0 0 0 0 0 0 0 0 0 0 0 0 0 0 0 0 0 0 
0 0 0 0 0 0 0 0 0 0 0 0 0 0 0 0 0 0 0 0 0 0 0 0 0 0 0 0 0 0 0 0 0 0 0 0 0 0 0 0 0 0 0 0 0 0 0 0 0 0 0 0 0 0 0 0 0 0 0 0 0 0 0 0 0 0 0 0 0 0 0 0 0 0 0 0 0 0 0 0 0 0 0 0 0 0 0 0 0 0 0 0 0 0 0 0 0 0 0 0 
0 0 0 0 0 0 0 0 0 0 0 0 0 0 0 0 0 0 0 0 0 0 0 0 0 0 0 0 0 0 0 0 0 0 0 0 0 0 0 0 0 0 0 0 0 0 0 0 0 0 0 0 0 0 0 0 0 0 0 0 0 0 0 0 0 0 0 0 0 0 0 0 0 0 0 0 0 0 0 0 0 0 0 0 0 0 0 0 0 0 0 0 0 0 0 0 0 0 0 0 
0 0 0 0 0 0 0 0 0 0 0 0 0 0 0 0 0 0 0 0 0 0 0 0 0 0 0 0 0 0 0 0 0 0 0 0 0 0 0 0 0 0 0 0 0 0 0 0 0 0 0 0 0 0 0 0 0 0 0 0 0 0 0 0 0 0 0 0 0 0 0 0 0 0 0 0 0 0 0 0 0 0 0 0 0 0 0 0 0 0 0 0 0 0 0 0 0 0 0 0 
0 0 0 0 0 0 0 0 0 0 0 0 0 0 0 0 0 0 0 0 0 0 0 0 0 0 0 0 0 0 0 0 0 0 0 0 0 0 0 0 0 0 0 0 0 0 0 0 0 0 0 0 0 0 0 0 0 0 0 0 0 0 0 0 0 0 0 0 0 0 0 0 0 0 0 0 0 0 0 0 0 0 0 0 0 0 0 0 0 0 0 0 0 0 0 0 0 0 0 0 
0 0 0 0 0 0 0 0 0 0 0 0 0 0 0 0 0 0 0 0 0 0 0 0 0 0 0 0 0 0 0 0 0 0 0 0 0 0 0 0 0 0 0 0 0 0 0 0 0 0 0 0 0 0 0 0 0 0 0 0 0 0 0 0 0 0 0 0 0 0 0 0 0 0 0 0 0 0 0 0 0 0 0 0 0 0 0 0 0 0 0 0 0 0 0 0 0 0 0 0 
0 0 0 0 0 0 0 0 0 0 0 0 0 0 0 0 0 0 0 0 0 0 0 0 0 0 0 0 0 0 0 0 0 0 0 0 0 0 0 0 0 0 0 0 0 0 0 0 0 0 0 0 0 0 0 0 0 0 0 0 0 0 0 0 0 0 0 0 0 0 0 0 0 0 0 0 0 0 0 0 0 0 0 0 0 0 0 0 0 0 0 0 0 0 0 0 0 0 0 0 
0 0 0 0 0 0 0 0 0 0 0 0 0 0 0 0 0 0 0 0 0 0 0 0 0 0 0 0 0 0 0 0 0 0 0 0 0 0 0 0 0 0 0 0 0 0 0 0 0 0 0 0 0 0 0 0 0 0 0 0 0 0 0 0 0 0 0 0 0 0 0 0 0 0 0 0 0 0 0 0 0 0 0 0 0 0 0 0 0 0 0 0 0 0 0 0 0 0 0 0 
0 0 0 0 0 0 0 0 0 0 0 0 0 0 0 0 0 0 0 0 0 0 0 0 0 0 0 0 0 0 0 0 0 0 0 0 0 0 0 0 0 0 0 0 0 0 0 0 0 0 0 0 0 0 0 0 0 0 0 0 0 0 0 0 0 0 0 0 0 0 0 0 0 0 0 0 0 0 0 0 0 0 0 0 0 0 0 0 0 0 0 0 0 0 0 0 0 0 0 0 
0 0 0 0 0 0 0 0 0 0 0 0 0 0 0 0 0 0 0 0 0 0 0 0 0 0 0 0 0 0 0 0 0 0 0 0 0 0 0 0 0 0 0 0 0 0 0 0 0 0 0 0 0 0 0 0 0 0 0 0 0 0 0 0 0 0 0 0 0 0 0 0 0 0 0 0 0 0 0 0 0 0 0 0 0 0 0 0 0 0 0 0 0 0 0 0 0 0 0 0 
0 0 0 0 0 0 0 0 0 0 0 0 0 0 0 0 0 0 0 0 0 0 0 0 0 0 0 0 0 0 0 0 0 0 0 0 0 0 0 0 0 0 0 0 0 0 0 0 0 0 0 0 0 0 0 0 0 0 0 0 0 0 0 0 0 0 0 0 0 0 0 0 0 0 0 0 0 0 0 0 0 0 0 0 0 0 0 0 0 0 0 0 0 0 0 0 0 0 0 0 
0 0 0 0 0 0 0 0 0 0 0 0 0 0 0 0 0 0 0 0 0 0 0 0 0 0 0 0 0 0 0 0 0 0 0 0 0 0 0 0 0 0 0 0 0 0 0 0 0 0 0 0 0 0 0 0 0 0 0 0 0 0 0 0 0 0 0 0 0 0 0 0 0 0 0 0 0 0 0 0 0 0 0 0 0 0 0 0 0 0 0 0 0 0 0 0 0 0 0 0 
0 0 0 0 0 0 0 0 0 0 0 0 0 0 0 0 0 0 0 0 0 0 0 0 0 0 0 0 0 0 0 0 0 0 0 0 0 0 0 0 0 0 0 0 0 0 0 0 0 0 0 0 0 0 0 0 0 0 0 0 0 0 0 0 0 0 0 0 0 0 0 0 0 0 0 0 0 0 0 0 0 0 0 0 0 0 0 0 0 0 0 0 0 0 0 0 0 0 0 0 
0 0 0 0 0 0 0 0 0 0 0 0 0 0 0 0 0 0 0 0 0 0 0 0 0 0 0 0 0 0 0 0 0 0 0 0 0 0 0 0 0 0 0 0 0 0 0 0 0 0 0 0 0 0 0 0 0 0 0 0 0 0 0 0 0 0 0 0 0 0 0 0 0 0 0 0 0 0 0 0 0 0 0 0 0 0 0 0 0 0 0 0 0 0 0 0 0 0 0 0 
0 0 0 0 0 0 0 0 0 0 0 0 0 0 0 0 0 0 0 0 0 0 0 0 0 0 0 0 0 0 0 0 0 0 0 0 0 0 0 0 0 0 0 0 0 0 0 0 0 0 0 0 0 0 0 0 0 0 0 0 0 0 0 0 0 0 0 0 0 0 0 0 0 0 0 0 0 0 0 0 0 0 0 0 0 0 0 0 0 0 0 0 0 0 0 0 0 0 0 0 
0 0 0 0 0 0 0 0 0 0 0 0 0 0 0 0 0 0 0 0 0 0 0 0 0 0 0 0 0 0 0 0 0 0 0 0 0 0 0 0 0 0 0 0 0 0 0 0 0 0 0 0 0 0 0 0 0 0 0 0 0 0 0 0 0 0 0 0 0 0 0 0 0 0 0 0 0 0 0 0 0 0 0 0 0 0 0 0 0 0 0 0 0 0 0 0 0 0 0 0 
0 0 0 0 0 0 0 0 0 0 0 0 0 0 0 0 0 0 0 0 0 0 0 0 0 0 0 0 0 0 0 0 0 0 0 0 0 0 0 0 0 0 0 0 0 0 0 0 0 0 0 0 0 0 0 0 0 0 0 0 0 0 0 0 0 0 0 0 0 0 0 0 0 0 0 0 0 0 0 0 0 0 0 0 0 0 0 0 0 0 0 0 0 0 0 0 0 0 0 0 
0 0 0 0 0 0 0 0 0 0 0 0 0 0 0 0 0 0 0 0 0 0 0 0 0 0 0 0 0 0 0 0 0 0 0 0 0 0 0 0 0 0 0 0 0 0 0 0 0 0 0 0 0 0 0 0 0 0 0 0 0 0 0 0 0 0 0 0 0 0 0 0 0 0 0 0 0 0 0 0 0 0 0 0 0 0 0 0 0 0 0 0 0 0 0 0 0 0 0 0 
0 0 0 0 0 0 0 0 0 0 0 0 0 0 0 0 0 0 0 0 0 0 0 0 0 0 0 0 0 0 0 0 0 0 0 0 0 0 0 0 0 0 0 0 0 0 0 0 0 0 0 0 0 0 0 0 0 0 0 0 0 0 0 0 0 0 0 0 0 0 0 0 0 0 0 0 0 0 0 0 0 0 0 0 0 0 0 0 0 0 0 0 0 0 0 0 0 0 0 0 
0 0 0 0 0 0 0 0 0 0 0 0 0 0 0 0 0 0 0 0 0 0 0 0 0 0 0 0 0 0 0 0 0 0 0 0 0 0 0 0 0 0 0 0 0 0 0 0 0 0 0 0 0 0 0 0 0 0 0 0 0 0 0 0 0 0 0 0 0 0 0 0 0 0 0 0 0 0 0 0 0 0 0 0 0 0 0 0 0 0 0 0 0 0 0 0 0 0 0 0 
0 0 0 0 0 0 0 0 0 0 0 0 0 0 0 0 0 0 0 0 0 0 0 0 0 0 0 0 0 0 0 0 0 0 0 0 0 0 0 0 0 0 0 0 0 0 0 0 0 0 0 0 0 0 0 0 0 0 0 0 0 0 0 0 0 0 0 0 0 0 0 0 0 0 0 0 0 0 0 0 0 0 0 0 0 0 0 0 0 0 0 0 0 0 0 0 0 0 0 0 
0 0 0 0 0 0 0 0 0 0 0 0 0 0 0 0 0 0 0 0 0 0 0 0 0 0 0 0 0 0 0 0 0 0 0 0 0 0 0 0 0 0 0 0 0 0 0 0 0 0 0 0 0 0 0 0 0 0 0 0 0 0 0 0 0 0 0 0 0 0 0 0 0 0 0 0 0 0 0 0 0 0 0 0 0 0 0 0 0 0 0 0 0 0 0 0 0 0 0 0 
0 0 0 0 0 0 0 0 0 0 0 0 0 0 0 0 0 0 0 0 0 0 0 0 0 0 0 0 0 0 0 0 0 0 0 0 0 0 0 0 0 0 0 0 0 0 0 0 0 0 0 0 0 0 0 0 0 0 0 0 0 0 0 0 0 0 0 0 0 0 0 0 0 0 0 0 0 0 0 0 0 0 0 0 0 0 0 0 0 0 0 0 0 0 0 0 0 0 0 0 
0 0 0 0 0 0 0 0 0 0 0 0 0 0 0 0 0 0 0 0 0 0 0 0 0 0 0 0 0 0 0 0 0 0 0 0 0 0 0 0 0 0 0 0 0 0 0 0 0 0 0 0 0 0 0 0 0 0 0 0 0 0 0 0 0 0 0 0 0 0 0 0 0 0 0 0 0 0 0 0 0 0 0 0 0 0 0 0 0 0 0 0 0 0 0 0 0 0 0 0 
0 0 0 0 0 0 0 0 0 0 0 0 0 0 0 0 0 0 0 0 0 0 0 0 0 0 0 0 0 0 0 0 0 0 0 0 0 0 0 0 0 0 0 0 0 0 0 0 0 0 0 0 0 0 0 0 0 0 0 0 0 0 0 0 0 0 0 0 0 0 0 0 0 0 0 0 0 0 0 0 0 0 0 0 0 0 0 0 0 0 0 0 0 0 0 0 0 0 0 0 
0 0 0 0 0 0 0 0 0 0 0 0 0 0 0 0 0 0 0 0 0 0 0 0 0 0 0 0 0 0 0 0 0 0 0 0 0 0 0 0 0 0 0 0 0 0 0 0 0 0 0 0 0 0 0 0 0 0 0 0 0 0 0 0 0 0 0 0 0 0 0 0 0 0 0 0 0 0 0 0 0 0 0 0 0 0 0 0 0 0 0 0 0 0 0 0 0 0 0 0 
0 0 0 0 0 0 0 0 0 0 0 0 0 0 0 0 0 0 0 0 0 0 0 0 0 0 0 0 0 0 0 0 0 0 0 0 0 0 0 0 0 0 0 0 0 0 0 0 0 0 0 0 0 0 0 0 0 0 0 0 0 0 0 0 0 0 0 0 0 0 0 0 0 0 0 0 0 0 0 0 0 0 0 0 0 0 0 0 0 0 0 0 0 0 0 0 0 0 0 0 
0 0 0 0 0 0 0 0 0 0 0 0 0 0 0 0 0 0 0 0 0 0 0 0 0 0 0 0 0 0 0 0 0 0 0 0 0 0 0 0 0 0 0 0 0 0 0 0 0 0 0 0 0 0 0 0 0 0 0 0 0 0 0 0 0 0 0 0 0 0 0 0 0 0 0 0 0 0 0 0 0 0 0 0 0 0 0 0 0 0 0 0 0 0 0 0 0 0 0 0 
0 0 0 0 0 0 0 0 0 0 0 0 0 0 0 0 0 0 0 0 0 0 0 0 0 0 0 0 0 0 0 0 0 0 0 0 0 0 0 0 0 0 0 0 0 0 0 0 0 0 0 0 0 0 0 0 0 0 0 0 0 0 0 0 0 0 0 0 0 0 0 0 0 0 0 0 0 0 0 0 0 0 0 0 0 0 0 0 0 0 0 0 0 0 0 0 0 0 0 0 
0 0 0 0 0 0 0 0 0 0 0 0 0 0 0 0 0 0 0 0 0 0 0 0 0 0 0 0 0 0 0 0 0 0 0 0 0 0 0 0 0 0 0 0 0 0 0 0 0 0 0 0 0 0 0 0 0 0 0 0 0 0 0 0 0 0 0 0 0 0 0 0 0 0 0 0 0 0 0 0 0 0 0 0 0 0 0 0 0 0 0 0 0 0 0 0 0 0 0 0 
0 0 0 0 0 0 0 0 0 0 0 0 0 0 0 0 0 0 0 0 0 0 0 0 0 0 0 0 0 0 0 0 0 0 0 0 0 0 0 0 0 0 0 0 0 0 0 0 0 0 0 0 0 0 0 0 0 0 0 0 0 0 0 0 0 0 0 0 0 0 0 0 0 0 0 0 0 0 0 0 0 0 0 0 0 0 0 0 0 0 0 0 0 0 0 0 0 0 0 0 
0 0 0 0 0 0 0 0 0 0 0 0 0 0 0 0 0 0 0 0 0 0 0 0 0 0 0 0 0 0 0 0 0 0 0 0 0 0 0 0 0 0 0 0 0 0 0 0 0 0 0 0 0 0 0 0 0 0 0 0 0 0 0 0 0 0 0 0 0 0 0 0 0 0 0 0 0 0 0 0 0 0 0 0 0 0 0 0 0 0 0 0 0 0 0 0 0 0 0 0 
0 0 0 0 0 0 0 0 0 0 0 0 0 0 0 0 0 0 0 0 0 0 0 0 0 0 0 0 0 0 0 0 0 0 0 0 0 0 0 0 0 0 0 0 0 0 0 0 0 0 0 0 0 0 0 0 0 0 0 0 0 0 0 0 0 0 0 0 0 0 0 0 0 0 0 0 0 0 0 0 0 0 0 0 0 0 0 0 0 0 0 0 0 0 0 0 0 0 0 0 
0 0 0 0 0 0 0 0 0 0 0 0 0 0 0 0 0 0 0 0 0 0 0 0 0 0 0 0 0 0 0 0 0 0 0 0 0 0 0 0 0 0 0 0 0 0 0 0 0 0 0 0 0 0 0 0 0 0 0 0 0 0 0 0 0 0 0 0 0 0 0 0 0 0 0 0 0 0 0 0 0 0 0 0 0 0 0 0 0 0 0 0 0 0 0 0 0 0 0 0 
0 0 0 0 0 0 0 0 0 0 0 0 0 0 0 0 0 0 0 0 0 0 0 0 0 0 0 0 0 0 0 0 0 0 0 0 0 0 0 0 0 0 0 0 0 0 0 0 0 0 0 0 0 0 0 0 0 0 0 0 0 0 0 0 0 0 0 0 0 0 0 0 0 0 0 0 0 0 0 0 0 0 0 0 0 0 0 0 0 0 0 0 0 0 0 0 0 0 0 0 
0 0 0 0 0 0 0 0 0 0 0 0 0 0 0 0 0 0 0 0 0 0 0 0 0 0 0 0 0 0 0 0 0 0 0 0 0 0 0 0 0 0 0 0 0 0 0 0 0 0 0 0 0 0 0 0 0 0 0 0 0 0 0 0 0 0 0 0 0 0 0 0 0 0 0 0 0 0 0 0 0 0 0 0 0 0 0 0 0 0 0 0 0 0 0 0 0 0 0 0 
0 0 0 0 0 0 0 0 0 0 0 0 0 0 0 0 0 0 0 0 0 0 0 0 0 0 0 0 0 0 0 0 0 0 0 0 0 0 0 0 0 0 0 0 0 0 0 0 0 0 0 0 0 0 0 0 0 0 0 0 0 0 0 0 0 0 0 0 0 0 0 0 0 0 0 0 0 0 0 0 0 0 0 0 0 0 0 0 0 0 0 0 0 0 0 0 0 0 0 0 
0 0 0 0 0 0 0 0 0 0 0 0 0 0 0 0 0 0 0 0 0 0 0 0 0 0 0 0 0 0 0 0 0 0 0 0 0 0 0 0 0 0 0 0 0 0 0 0 0 0 0 0 0 0 0 0 0 0 0 0 0 0 0 0 0 0 0 0 0 0 0 0 0 0 0 0 0 0 0 0 0 0 0 0 0 0 0 0 0 0 0 0 0 0 0 0 0 0 0 0 
0 0 0 0 0 0 0 0 0 0 0 0 0 0 0 0 0 0 0 0 0 0 0 0 0 0 0 0 0 0 0 0 0 0 0 0 0 0 0 0 0 0 0 0 0 0 0 0 0 0 0 0 0 0 0 0 0 0 0 0 0 0 0 0 0 0 0 0 0 0 0 0 0 0 0 0 0 0 0 0 0 0 0 0 0 0 0 0 0 0 0 0 0 0 0 0 0 0 0 0 
0 0 0 0 0 0 0 0 0 0 0 0 0 0 0 0 0 0 0 0 0 0 0 0 0 0 0 0 0 0 0 0 0 0 0 0 0 0 0 0 0 0 0 0 0 0 0 0 0 0 0 0 0 0 0 0 0 0 0 0 0 0 0 0 0 0 0 0 0 0 0 0 0 0 0 0 0 0 0 0 0 0 0 0 0 0 0 0 0 0 0 0 0 0 0 0 0 0 0 0 
0 0 0 0 0 0 0 0 0 0 0 0 0 0 0 0 0 0 0 0 0 0 0 0 0 0 0 0 0 0 0 0 0 0 0 0 0 0 0 0 0 0 0 0 0 0 0 0 0 0 0 0 0 0 0 0 0 0 0 0 0 0 0 0 0 0 0 0 0 0 0 0 0 0 0 0 0 0 0 0 0 0 0 0 0 0 0 0 0 0 0 0 0 0 0 0 0 0 0 0 
0 0 0 0 0 0 0 0 0 0 0 0 0 0 0 0 0 0 0 0 0 0 0 0 0 0 0 0 0 0 0 0 0 0 0 0 0 0 0 0 0 0 0 0 0 0 0 0 0 0 0 0 0 0 0 0 0 0 0 0 0 0 0 0 0 0 0 0 0 0 0 0 0 0 0 0 0 0 0 0 0 0 0 0 0 0 0 0 0 0 0 0 0 0 0 0 0 0 0 0 
0 0 0 0 0 0 0 0 0 0 0 0 0 0 0 0 0 0 0 0 0 0 0 0 0 0 0 0 0 0 0 0 0 0 0 0 0 0 0 0 0 0 0 0 0 0 0 0 0 0 0 0 0 0 0 0 0 0 0 0 0 0 0 0 0 0 0 0 0 0 0 0 0 0 0 0 0 0 0 0 0 0 0 0 0 0 0 0 0 0 0 0 0 0 0 0 0 0 0 0 
0 0 0 0 0 0 0 0 0 0 0 0 0 0 0 0 0 0 0 0 0 0 0 0 0 0 0 0 0 0 0 0 0 0 0 0 0 0 0 0 0 0 0 0 0 0 0 0 0 0 0 0 0 0 0 0 0 0 0 0 0 0 0 0 0 0 0 0 0 0 0 0 0 0 0 0 0 0 0 0 0 0 0 0 0 0 0 0 0 0 0 0 0 0 0 0 0 0 0 0 
0 0 0 0 0 0 0 0 0 0 0 0 0 0 0 0 0 0 0 0 0 0 0 0 0 0 0 0 0 0 0 0 0 0 0 0 0 0 0 0 0 0 0 0 0 0 0 0 0 0 0 0 0 0 0 0 0 0 0 0 0 0 0 0 0 0 0 0 0 0 0 0 0 0 0 0 0 0 0 0 0 0 0 0 0 0 0 0 0 0 0 0 0 0 0 0 0 0 0 0 
0 0 0 0 0 0 0 0 0 0 0 0 0 0 0 0 0 0 0 0 0 0 0 0 0 0 0 0 0 0 0 0 0 0 0 0 0 0 0 0 0 0 0 0 0 0 0 0 0 0 0 0 0 0 0 0 0 0 0 0 0 0 0 0 0 0 0 0 0 0 0 0 0 0 0 0 0 0 0 0 0 0 0 0 0 0 0 0 0 0 0 0 0 0 0 0 0 0 0 0 
0 0 0 0 0 0 0 0 0 0 0 0 0 0 0 0 0 0 0 0 0 0 0 0 0 0 0 0 0 0 0 0 0 0 0 0 0 0 0 0 0 0 0 0 0 0 0 0 0 0 0 0 0 0 0 0 0 0 0 0 0 0 0 0 0 0 0 0 0 0 0 0 0 0 0 0 0 0 0 0 0 0 0 0 0 0 0 0 0 0 0 0 0 0 0 0 0 0 0 0 
0 0 0 0 0 0 0 0 0 0 0 0 0 0 0 0 0 0 0 0 0 0 0 0 0 0 0 0 0 0 0 0 0 0 0 0 0 0 0 0 0 0 0 0 0 0 0 0 0 0 0 0 0 0 0 0 0 0 0 0 0 0 0 0 0 0 0 0 0 0 0 0 0 0 0 0 0 0 0 0 0 0 0 0 0 0 0 0 0 0 0 0 0 0 0 0 0 0 0 0 
0 0 0 0 0 0 0 0 0 0 0 0 0 0 0 0 0 0 0 0 0 0 0 0 0 0 0 0 0 0 0 0 0 0 0 0 0 0 0 0 0 0 0 0 0 0 0 0 0 0 0 0 0 0 0 0 0 0 0 0 0 0 0 0 0 0 0 0 0 0 0 0 0 0 0 0 0 0 0 0 0 0 0 0 0 0 0 0 0 0 0 0 0 0 0 0 0 0 0 0 
0 0 0 0 0 0 0 0 0 0 0 0 0 0 0 0 0 0 0 0 0 0 0 0 0 0 0 0 0 0 0 0 0 0 0 0 0 0 0 0 0 0 0 0 0 0 0 0 0 0 0 0 0 0 0 0 0 0 0 0 0 0 0 0 0 0 0 0 0 0 0 0 0 0 0 0 0 0 0 0 0 0 0 0 0 0 0 0 0 0 0 0 0 0 0 0 0 0 0 0 
0 0 0 0 0 0 0 0 0 0 0 0 0 0 0 0 0 0 0 0 0 0 0 0 0 0 0 0 0 0 0 0 0 0 0 0 0 0 0 0 0 0 0 0 0 0 0 0 0 0 0 0 0 0 0 0 0 0 0 0 0 0 0 0 0 0 0 0 0 0 0 0 0 0 0 0 0 0 0 0 0 0 0 0 0 0 0 0 0 0 0 0 0 0 0 0 0 0 0 0 
0 0 0 0 0 0 0 0 0 0 0 0 0 0 0 0 0 0 0 0 0 0 0 0 0 0 0 0 0 0 0 0 0 0 0 0 0 0 0 0 0 0 0 0 0 0 0 0 7 9 4 9 0 0 0 0 0 0 0 0 0 0 0 0 0 0 0 0 0 0 0 0 0 0 0 0 0 0 0 0 0 0 0 0 0 0 0 0 0 0 0 0 0 0 0 0 0 0 0 0 
0 0 0 0 0 0 0 0 0 0 0 0 0 0 0 0 0 0 0 0 0 0 0 0 0 0 0 0 0 0 0 0 0 0 0 0 0 0 0 0 0 0 0 0 0 0 0 0 0 0 0 0 0 0 0 0 0 0 0 0 0 0 0 0 0 0 0 0 0 0 0 0 0 0 0 0 0 0 0 0 0 0 0 0 0 0 0 0 0 0 0 0 0 0 0 0 0 0 0 0 
0 0 0 0 0 0 0 0 0 0 0 0 0 0 0 0 0 0 0 0 0 0 0 0 0 0 0 0 0 0 0 0 0 0 0 0 0 0 0 0 0 0 0 0 0 0 0 0 0 0 0 0 0 0 0 0 0 0 0 0 0 0 0 0 0 0 0 0 0 0 0 0 0 0 0 0 0 0 0 0 0 0 0 0 0 0 0 0 0 0 0 0 0 0 0 0 0 0 0 0 
0 0 0 0 0 0 0 0 0 0 0 0 0 0 0 0 0 0 0 0 0 0 0 0 0 0 0 0 0 0 0 0 0 0 0 0 0 0 0 0 0 0 0 0 0 0 0 0 0 0 0 0 0 0 0 0 0 0 0 0 0 0 0 0 0 0 0 0 0 0 0 0 0 0 0 0 0 0 0 0 0 0 0 0 0 0 0 0 0 0 0 0 0 0 0 0 0 0 0 0 
0 0 0 0 0 0 0 0 0 0 0 0 0 0 0 0 0 0 0 0 0 0 0 0 0 0 0 0 0 0 0 0 0 0 0 0 0 0 0 0 0 0 0 0 0 0 0 0 0 0 0 0 0 0 0 0 0 0 0 0 0 0 0 0 0 0 0 0 0 0 0 0 0 0 0 0 0 0 0 0 0 0 0 0 0 0 0 0 0 0 0 0 0 0 0 0 0 0 0 0 
0 0 0 0 0 0 0 0 0 0 0 0 0 0 0 0 0 0 0 0 0 0 0 0 0 0 0 0 0 0 0 0 0 0 0 0 0 0 0 0 0 0 0 0 0 0 0 0 0 0 0 0 0 0 0 0 0 0 0 0 0 0 0 0 0 0 0 0 0 0 0 0 0 0 0 0 0 0 0 0 0 0 0 0 0 0 0 0 0 0 0 0 0 0 0 0 0 0 0 0 
0 0 0 0 0 0 0 0 0 0 0 0 0 0 0 0 0 0 0 0 0 0 0 0 0 0 0 0 0 0 0 0 0 0 0 0 0 0 0 0 0 0 0 0 0 0 0 0 0 0 0 0 0 0 0 0 0 0 0 0 0 0 0 0 0 0 0 0 0 0 0 0 0 0 0 0 0 0 0 0 0 0 0 0 0 0 0 0 0 0 0 0 0 0 0 0 0 0 0 0 
0 0 0 0 0 0 0 0 0 0 0 0 0 0 0 0 0 0 0 0 0 0 0 0 0 0 0 0 0 0 0 0 0 0 0 0 0 0 0 0 0 0 0 0 0 0 0 0 0 0 0 0 0 0 0 0 0 0 0 0 0 0 0 0 0 0 0 0 0 0 0 0 0 0 0 0 0 0 0 0 0 0 0 0 0 0 0 0 0 0 0 0 0 0 0 0 0 0 0 0 
0 0 0 0 0 0 0 0 0 0 0 0 0 0 0 0 0 0 0 0 0 0 0 0 0 0 0 0 0 0 0 0 0 0 0 0 0 0 0 0 0 0 0 0 0 0 0 0 0 0 0 0 0 0 0 0 0 0 0 0 0 0 0 0 0 0 0 0 0 0 0 0 0 0 0 0 0 0 0 0 0 0 0 0 0 0 0 0 0 0 0 0 0 0 0 0 0 0 0 0 
0 0 0 0 0 0 0 0 0 0 0 0 0 0 0 0 0 0 0 0 0 0 0 0 0 0 0 0 0 0 0 0 0 0 0 0 0 0 0 0 0 0 0 0 0 0 0 0 0 0 0 0 0 0 0 0 0 0 0 0 0 0 0 0 0 0 0 0 0 0 0 0 0 0 0 0 0 0 0 0 0 0 0 0 0 0 0 0 0 0 0 0 0 0 0 0 0 0 0 0 
0 0 0 0 0 0 0 0 0 0 0 0 0 0 0 0 0 0 0 0 0 0 0 0 0 0 0 0 0 0 0 0 0 0 0 0 0 0 0 0 0 0 0 0 0 0 0 0 0 0 0 0 0 0 0 0 0 0 0 0 0 0 0 0 0 0 0 0 0 0 0 0 0 0 0 0 0 0 0 0 0 0 0 0 0 0 0 0 0 0 0 0 0 0 0 0 0 0 0 0 
0 0 0 0 0 0 0 0 0 0 0 0 0 0 0 0 0 0 0 0 0 0 0 0 0 0 0 0 0 0 0 0 0 0 0 0 0 0 0 0 0 0 0 0 0 0 0 0 0 0 0 0 0 0 0 0 0 0 0 0 0 0 0 0 0 0 0 0 0 0 0 0 0 0 0 0 0 0 0 0 0 0 0 0 0 0 0 0 0 0 0 0 0 0 0 0 0 0 0 0 
0 0 0 0 0 0 0 0 0 0 0 0 0 0 0 0 0 0 0 0 0 0 0 0 0 0 0 0 0 0 0 0 0 0 0 0 0 0 0 0 0 0 0 0 0 0 0 0 0 0 0 0 0 0 0 0 0 0 0 0 0 0 0 0 0 0 0 0 0 0 0 0 0 0 0 0 0 0 0 0 0 0 0 0 0 0 0 0 0 0 0 0 0 0 0 0 0 0 0 0 
0 0 0 0 0 0 0 0 0 0 0 0 0 0 0 0 0 0 0 0 0 0 0 0 0 0 0 0 0 0 0 0 0 0 0 0 0 0 0 0 0 0 0 0 0 0 0 0 0 0 0 0 0 0 0 0 0 0 0 0 0 0 0 0 0 0 0 0 0 0 0 0 0 0 0 0 0 0 0 0 0 0 0 0 0 0 0 0 0 0 0 0 0 0 0 0 0 0 0 0 
0 0 0 0 0 0 0 0 0 0 0 0 0 0 0 0 0 0 0 0 0 0 0 0 0 0 0 0 0 0 0 0 0 0 0 0 0 0 0 0 0 0 0 0 0 0 0 0 0 0 0 0 0 0 0 0 0 0 0 0 0 0 0 0 0 0 0 0 0 0 0 0 0 0 0 0 0 0 0 0 0 0 0 0 0 0 0 0 0 0 0 0 0 0 0 0 0 0 0 0 
0 0 0 0 0 0 0 0 0 0 0 0 0 0 0 0 0 0 0 0 0 0 0 0 0 0 0 0 0 0 0 0 0 0 0 0 0 0 0 0 0 0 0 0 0 0 0 0 0 0 0 0 0 0 0 0 0 0 0 0 0 0 0 0 0 0 0 0 0 0 0 0 0 0 0 0 0 0 0 0 0 0 0 0 0 0 0 0 0 0 0 0 0 0 0 0 0 0 0 0 
0 0 0 0 0 0 0 0 0 0 0 0 0 0 0 0 0 0 0 0 0 0 0 0 0 0 0 0 0 0 0 0 0 0 0 0 0 0 0 0 0 0 0 0 0 0 0 0 0 0 0 0 0 0 0 0 0 0 0 0 0 0 0 0 0 0 0 0 0 0 0 0 0 0 0 0 0 0 0 0 0 0 0 0 0 0 0 0 0 0 0 0 0 0 0 0 0 0 0 0 
0 0 0 0 0 0 0 0 0 0 0 0 0 0 0 0 0 0 0 0 0 0 0 0 0 0 0 0 0 0 0 0 0 0 0 0 0 0 0 0 0 0 0 0 0 0 0 0 0 0 0 0 0 0 0 0 0 0 0 0 0 0 0 0 0 0 0 0 0 0 0 0 0 0 0 0 0 0 0 0 0 0 0 0 0 0 0 0 0 0 0 0 0 0 0 0 0 0 0 0 
0 0 0 0 0 0 0 0 0 0 0 0 0 0 0 0 0 0 0 0 0 0 0 0 0 0 0 0 0 0 0 0 0 0 0 0 0 0 0 0 0 0 0 0 0 0 0 0 0 0 0 0 0 0 0 0 0 0 0 0 0 0 0 0 0 0 0 0 0 0 0 0 0 0 0 0 0 0 0 0 0 0 0 0 0 0 0 0 0 0 0 0 0 0 0 0 0 0 0 0 
0 0 0 0 0 0 0 0 0 0 0 0 0 0 0 0 0 0 0 0 0 0 0 0 0 0 0 0 0 0 0 0 0 0 0 0 0 0 0 0 0 0 0 0 0 0 0 0 0 0 0 0 0 0 0 0 0 0 0 0 0 0 0 0 0 0 0 0 0 0 0 0 0 0 0 0 0 0 0 0 0 0 0 0 0 0 0 0 0 0 0 0 0 0 0 0 0 0 0 0 
0 0 0 0 0 0 0 0 0 0 0 0 0 0 0 0 0 0 0 0 0 0 0 0 0 0 0 0 0 0 0 0 0 0 0 0 0 0 0 0 0 0 0 0 0 0 0 0 0 0 0 0 0 0 0 0 0 0 0 0 0 0 0 0 0 0 0 0 0 0 0 0 0 0 0 0 0 0 0 0 0 0 0 0 0 0 0 0 0 0 0 0 0 0 0 0 0 0 0 0 
0 0 0 0 0 0 0 0 0 0 0 0 0 0 0 0 0 0 0 0 0 0 0 0 0 0 0 0 0 0 0 0 0 0 0 0 0 0 0 0 0 0 0 0 0 0 0 0 0 0 0 0 0 0 0 0 0 0 0 0 0 0 0 0 0 0 0 0 0 0 0 0 0 0 0 0 0 0 0 0 0 0 0 0 0 0 0 0 0 0 0 0 0 0 0 0 0 0 0 0 
0 0 0 0 0 0 0 0 0 0 0 0 0 0 0 0 0 0 0 0 0 0 0 0 0 0 0 0 0 0 0 0 0 0 0 0 0 0 0 0 0 0 0 0 0 0 0 0 0 0 0 0 0 0 0 0 0 0 0 0 0 0 0 0 0 0 0 0 0 0 0 0 0 0 0 0 0 0 0 0 0 0 0 0 0 0 0 0 0 0 0 0 0 0 0 0 0 0 0 0 
0 0 0 0 0 0 0 0 0 0 0 0 0 0 0 0 0 0 0 0 0 0 0 0 0 0 0 0 0 0 0 0 0 0 0 0 0 0 0 0 0 0 0 0 0 0 0 0 0 0 0 0 0 0 0 0 0 0 0 0 0 0 0 0 0 0 0 0 0 0 0 0 0 0 0 0 0 0 0 0 0 0 0 0 0 0 0 0 0 0 0 0 0 0 0 0 0 0 0 0 
0 0 0 0 0 0 0 0 0 0 0 0 0 0 0 0 0 0 0 0 0 0 0 0 0 0 0 0 0 0 0 0 0 0 0 0 0 0 0 0 0 0 0 0 0 0 0 0 0 0 0 0 0 0 0 0 0 0 0 0 0 0 0 0 0 0 0 0 0 0 0 0 0 0 0 0 0 0 0 0 0 0 0 0 0 0 0 0 0 0 0 0 0 0 0 0 0 0 0 0 
0 0 0 0 0 0 0 0 0 0 0 0 0 0 0 0 0 0 0 0 0 0 0 0 0 0 0 0 0 0 0 0 0 0 0 0 0 0 0 0 0 0 0 0 0 0 0 0 0 0 0 0 0 0 0 0 0 0 0 0 0 0 0 0 0 0 0 0 0 0 0 0 0 0 0 0 0 0 0 0 0 0 0 0 0 0 0 0 0 0 0 0 0 0 0 0 0 0 0 0 
0 0 0 0 0 0 0 0 0 0 0 0 0 0 0 0 0 0 0 0 0 0 0 0 0 0 0 0 0 0 0 0 0 0 0 0 0 0 0 0 0 0 0 0 0 0 0 0 0 0 0 0 0 0 0 0 0 0 0 0 0 0 0 0 0 0 0 0 0 0 0 0 0 0 0 0 0 0 0 0 0 0 0 0 0 0 0 0 0 0 0 0 0 0 0 0 0 0 0 0 
0 0 0 0 0 0 0 0 0 0 0 0 0 0 0 0 0 0 0 0 0 0 0 0 0 0 0 0 0 0 0 0 0 0 0 0 0 0 0 0 0 0 0 0 0 0 0 0 0 0 0 0 0 0 0 0 0 0 0 0 0 0 0 0 0 0 0 0 0 0 0 0 0 0 0 0 0 0 0 0 0 0 0 0 0 0 0 0 0 0 0 0 0 0 0 0 0 0 0 0 
0 0 0 0 0 0 0 0 0 0 0 0 0 0 0 0 0 0 0 0 0 0 0 0 0 0 0 0 0 0 0 0 0 0 0 0 0 0 0 0 0 0 0 0 0 0 0 0 0 0 0 0 0 0 0 0 0 0 0 0 0 0 0 0 0 0 0 0 0 0 0 0 0 0 0 0 0 0 0 0 0 0 0 0 0 0 0 0 0 0 0 0 0 0 0 0 0 0 0 0 
0 0 0 0 0 0 0 0 0 0 0 0 0 0 0 0 0 0 0 0 0 0 0 0 0 0 0 0 0 0 0 0 0 0 0 0 0 0 0 0 0 0 0 0 0 0 0 0 0 0 0 0 0 0 0 0 0 0 0 0 0 0 0 0 0 0 0 0 0 0 0 0 0 0 0 0 0 0 0 0 0 0 0 0 0 0 0 0 0 0 0 0 0 0 0 0 0 0 0 0 
0 0 0 0 0 0 0 0 0 0 0 0 0 0 0 0 0 0 0 0 0 0 0 0 0 0 0 0 0 0 0 0 0 0 0 0 0 0 0 0 0 0 0 0 0 0 0 0 0 0 0 0 0 0 0 0 0 0 0 0 0 0 0 0 0 0 0 0 0 0 0 0 0 0 0 0 0 0 0 0 0 0 0 0 0 0 0 0 0 0 0 0 0 0 0 0 0 0 0 0 
0 0 0 0 0 0 0 0 0 0 0 0 0 0 0 0 0 0 0 0 0 0 0 0 0 0 0 0 0 0 0 0 0 0 0 0 0 0 0 0 0 0 0 0 0 0 0 0 0 0 0 0 0 0 0 0 0 0 0 0 0 0 0 0 0 0 0 0 0 0 0 0 0 0 0 0 0 0 0 0 0 0 0 0 0 0 0 0 0 0 0 0 0 0 0 0 0 0 0 0 
0 0 0 0 0 0 0 0 0 0 0 0 0 0 0 0 0 0 0 0 0 0 0 0 0 0 0 0 0 0 0 0 0 0 0 0 0 0 0 0 0 0 0 0 0 0 0 0 0 0 0 0 0 0 0 0 0 0 0 0 0 0 0 0 0 0 0 0 0 0 0 0 0 0 0 0 0 0 0 0 0 0 0 0 0 0 0 0 0 0 0 0 0 0 0 0 0 0 0 0 
0 0 0 0 0 0 0 0 0 0 0 0 0 0 0 0 0 0 0 0 0 0 0 0 0 0 0 0 0 0 0 0 0 0 0 0 0 0 0 0 0 0 0 0 0 0 0 0 0 0 0 0 0 0 0 0 0 0 0 0 0 0 0 0 0 0 0 0 0 0 0 0 0 0 0 0 0 0 0 0 0 0 0 0 0 0 0 0 0 0 0 0 0 0 0 0 0 0 0 0 
0 0 0 0 0 0 0 0 0 0 0 0 0 0 0 0 0 0 0 0 0 0 0 0 0 0 0 0 0 0 0 0 0 0 0 0 0 0 0 0 0 0 0 0 0 0 0 0 0 0 0 0 0 0 0 0 0 0 0 0 0 0 0 0 0 0 0 0 0 0 0 0 0 0 0 0 0 0 0 0 0 0 0 0 0 0 0 0 0 0 0 0 0 0 0 0 0 0 0 0 
0 0 0 0 0 0 0 0 0 0 0 0 0 0 0 0 0 0 0 0 0 0 0 0 0 0 0 0 0 0 0 0 0 0 0 0 0 0 0 0 0 0 0 0 0 0 0 0 0 0 0 0 0 0 0 0 0 0 0 0 0 0 0 0 0 0 0 0 0 0 0 0 0 0 0 0 0 0 0 0 0 0 0 0 0 0 0 0 0 0 0 0 0 0 0 0 0 0 0 0 
0 0 0 0 0 0 0 0 0 0 0 0 0 0 0 0 0 0 0 0 0 0 0 0 0 0 0 0 0 0 0 0 0 0 0 0 0 0 0 0 0 0 0 0 0 0 0 0 0 0 0 0 0 0 0 0 0 0 0 0 0 0 0 0 0 0 0 0 0 0 0 0 0 0 0 0 0 0 0 0 0 0 0 0 0 0 0 0 0 0 0 0 0 0 0 0 0 0 0 0 
0 0 0 0 0 0 0 0 0 0 0 0 0 0 0 0 0 0 0 0 0 0 0 0 0 0 0 0 0 0 0 0 0 0 0 0 0 0 0 0 0 0 0 0 0 0 0 0 0 0 0 0 0 0 0 0 0 0 0 0 0 0 0 0 0 0 0 0 0 0 0 0 0 0 0 0 0 0 0 0 0 0 0 0 0 0 0 0 0 0 0 0 0 0 0 0 0 0 0 0 
0 0 0 0 0 0 0 0 0 0 0 0 0 0 0 0 0 0 0 0 0 0 0 0 0 0 0 0 0 0 0 0 0 0 0 0 0 0 0 0 0 0 0 0 0 0 0 0 0 0 0 0 0 0 0 0 0 0 0 0 0 0 0 0 0 0 0 0 0 0 0 0 0 0 0 0 0 0 0 0 0 0 0 0 0 0 0 0 0 0 0 0 0 0 0 0 0 0 0 0 
0 0 0 0 0 0 0 0 0 0 0 0 0 0 0 0 0 0 0 0 0 0 0 0 0 0 0 0 0 0 0 0 0 0 0 0 0 0 0 0 0 0 0 0 0 0 0 0 0 0 0 0 0 0 0 0 0 0 0 0 0 0 0 0 0 0 0 0 0 0 0 0 0 0 0 0 0 0 0 0 0 0 0 0 0 0 0 0 0 0 0 0 0 0 0 0 0 0 0 0 
0 0 0 0 0 0 0 0 0 0 0 0 0 0 0 0 0 0 0 0 0 0 0 0 0 0 0 0 0 0 0 0 0 0 0 0 0 0 0 0 0 0 0 0 0 0 0 0 0 0 0 0 0 0 0 0 0 0 0 0 0 0 0 0 0 0 0 0 0 0 0 0 0 0 0 0 0 0 0 0 0 0 0 0 0 0 0 0 0 0 0 0 0 0 0 0 0 0 0 0 
0 0 0 0 0 0 0 0 0 0 0 0 0 0 0 0 0 0 0 0 0 0 0 0 0 0 0 0 0 0 0 0 0 0 0 0 0 0 0 0 0 0 0 0 0 0 0 0 0 0 0 0 0 0 0 0 0 0 0 0 0 0 0 0 0 0 0 0 0 0 0 0 0 0 0 0 0 0 0 0 0 0 0 0 0 0 0 0 0 0 0 0 0 0 0 0 0 0 0 0 
0 0 0 0 0 0 0 0 0 0 0 0 0 0 0 0 0 0 0 0 0 0 0 0 0 0 0 0 0 0 0 0 0 0 0 0 0 0 0 0 0 0 0 0 0 0 0 0 0 0 0 0 0 0 0 0 0 0 0 0 0 0 0 0 0 0 0 0 0 0 0 0 0 0 0 0 0 0 0 0 0 0 0 0 0 0 0 0 0 0 0 0 0 0 0 0 0 0 0 0 
0 0 0 0 0 0 0 0 0 0 0 0 0 0 0 0 0 0 0 0 0 0 0 0 0 0 0 0 0 0 0 0 0 0 0 0 0 0 0 0 0 0 0 0 0 0 0 0 0 0 0 0 0 0 0 0 0 0 0 0 0 0 0 0 0 0 0 0 0 0 0 0 0 0 0 0 0 0 0 0 0 0 0 0 0 0 0 0 0 0 0 0 0 0 0 0 0 0 0 0 
0 0 0 0 0 0 0 0 0 0 0 0 0 0 0 0 0 0 0 0 0 0 0 0 0 0 0 0 0 0 0 0 0 0 0 0 0 0 0 0 0 0 0 0 0 0 0 0 0 0 0 0 0 0 0 0 0 0 0 0 0 0 0 0 0 0 0 0 0 0 0 0 0 0 0 0 0 0 0 0 0 0 0 0 0 0 0 0 0 0 0 0 0 0 0 0 0 0 0 0 
0 0 0 0 0 0 0 0 0 0 0 0 0 0 0 0 0 0 0 0 0 0 0 0 0 0 0 0 0 0 0 0 0 0 0 0 0 0 0 0 0 0 0 0 0 0 0 0 0 0 0 0 0 0 0 0 0 0 0 0 0 0 0 0 0 0 0 0 0 0 0 0 0 0 0 0 0 0 0 0 0 0 0 0 0 0 0 0 0 0 0 0 0 0 0 0 0 0 0 0 
0 0 0 0 0 0 0 0 0 0 0 0 0 0 0 0 0 0 0 0 0 0 0 0 0 0 0 0 0 0 0 0 0 0 0 0 0 0 0 0 0 0 0 0 0 0 0 0 0 0 0 0 0 0 0 0 0 0 0 0 0 0 0 0 0 0 0 0 0 0 0 0 0 0 0 0 0 0 0 0 0 0 0 0 0 0 0 0 0 0 0 0 0 0 0 0 0 0 0 0 
0 0 0 0 0 0 0 0 0 0 0 0 0 0 0 0 0 0 0 0 0 0 0 0 0 0 0 0 0 0 0 0 0 0 0 0 0 0 0 0 0 0 0 0 0 0 0 0 0 0 0 0 0 0 0 0 0 0 0 0 0 0 0 0 0 0 0 0 0 0 0 0 0 0 0 0 0 0 0 0 0 0 0 0 0 0 0 0 0 0 0 0 0 0 0 0 0 0 0 0 
0 0 0 0 0 0 0 0 0 0 0 0 0 0 0 0 0 0 0 0 0 0 0 0 0 0 0 0 0 0 0 0 0 0 0 0 0 0 0 0 0 0 0 0 0 0 0 0 0 0 0 0 0 0 0 0 0 0 0 0 0 0 0 0 0 0 0 0 0 0 0 0 0 0 0 0 0 0 0 0 0 0 0 0 0 0 0 0 0 0 0 0 0 0 0 0 0 0 0 0 
0 0 0 0 0 0 0 0 0 0 0 0 0 0 0 0 0 0 0 0 0 0 0 0 0 0 0 0 0 0 0 0 0 0 0 0 0 0 0 0 0 0 0 0 0 0 0 0 0 0 0 0 0 0 0 0 0 0 0 0 0 0 0 0 0 0 0 0 0 0 0 0 0 0 0 0 0 0 0 0 0 0 0 0 0 0 0 0 0 0 0 0 0 0 0 0 0 0 0 0 
0 0 0 0 0 0 0 0 0 0 0 0 0 0 0 0 0 0 0 0 0 0 0 0 0 0 0 0 0 0 0 0 0 0 0 0 0 0 0 0 0 0 0 0 0 0 0 0 0 0 0 0 0 0 0 0 0 0 0 0 0 0 0 0 0 0 0 0 0 0 0 0 0 0 0 0 0 0 0 0 0 0 0 0 0 0 0 0 0 0 0 0 0 0 0 0 0 0 0 0 
0 0 0 0 0 0 0 0 0 0 0 0 0 0 0 0 0 0 0 0 0 0 0 0 0 0 0 0 0 0 0 0 0 0 0 0 0 0 0 0 0 0 0 0 0 0 0 0 0 0 0 0 0 0 0 0 0 0 0 0 0 0 0 0 0 0 0 0 0 0 0 0 0 0 0 0 0 0 0 0 0 0 0 0 0 0 0 0 0 0 0 0 0 0 0 0 0 0 0 0 
0 0 0 0 0 0 0 0 0 0 0 0 0 0 0 0 0 0 0 0 0 0 0 0 0 0 0 0 0 0 0 0 0 0 0 0 0 0 0 0 0 0 0 0 0 0 0 0 0 0 0 0 0 0 0 0 0 0 0 0 0 0 0 0 0 0 0 0 0 0 0 0 0 0 0 0 0 0 0 0 0 0 0 0 0 0 0 0 0 0 0 0 0 0 0 0 0 0 0 0 
0 0 0 0 0 0 0 0 0 0 0 0 0 0 0 0 0 0 0 0 0 0 0 0 0 0 0 0 0 0 0 0 0 0 0 0 0 0 0 0 0 0 0 0 0 0 0 0 0 0 0 0 0 0 0 0 0 0 0 0 0 0 0 0 0 0 0 0 0 0 0 0 0 0 0 0 0 0 0 0 0 0 0 0 0 0 0 0 0 0 0 0 0 0 0 0 0 0 0 0 
0 0 0 0 0 0 0 0 0 0 0 0 0 0 0 0 0 0 0 0 0 0 0 0 0 0 0 0 0 0 0 0 0 0 0 0 0 0 0 0 0 0 0 0 0 0 0 0 0 0 0 0 0 0 0 0 0 0 0 0 0 0 0 0 0 0 0 0 0 0 0 0 0 0 0 0 0 0 0 0 0 0 0 0 0 0 0 0 0 0 0 0 0 0 0 0 0 0 0 0 
0 0 0 0 0 0 0 0 0 0 0 0 0 0 0 0 0 0 0 0 0 0 0 0 0 0 0 0 0 0 0 0 0 0 0 0 0 0 0 0 0 0 0 0 0 0 0 0 0 0 0 0 0 0 0 0 0 0 0 0 0 0 0 0 0 0 0 0 0 0 0 0 0 0 0 0 0 0 0 0 0 0 0 0 0 0 0 0 0 0 0 0 0 0 0 0 0 0 0 0 
0 0 0 0 0 0 0 0 0 0 0 0 0 0 0 0 0 0 0 0 0 0 0 0 0 0 0 0 0 0 0 0 0 0 0 0 0 0 0 0 0 0 0 0 0 0 0 0 0 0 0 0 0 0 0 0 0 0 0 0 0 0 0 0 0 0 0 0 0 0 0 0 0 0 0 0 0 0 0 0 0 0 0 0 0 0 0 0 0 0 0 0 0 0 0 0 0 0 0 0 
0 0 0 0 0 0 0 0 0 0 0 0 0 0 0 0 0 0 0 0 0 0 0 0 0 0 0 0 0 0 0 0 0 0 0 0 0 0 0 0 0 0 0 0 0 0 0 0 0 0 0 0 0 0 0 0 0 0 0 0 0 0 0 0 0 0 0 0 0 0 0 0 0 0 0 0 0 0 0 0 0 0 0 0 0 0 0 0 0 0 0 0 0 0 0 0 0 0 0 0 
0 0 0 0 0 0 0 0 0 0 0 0 0 0 0 0 0 0 0 0 0 0 0 0 0 0 0 0 0 0 0 0 0 0 0 0 0 0 0 0 0 0 0 0 0 0 0 0 0 0 0 0 0 0 0 0 0 0 0 0 0 0 0 0 0 0 0 0 0 0 0 0 0 0 0 0 0 0 0 0 0 0 0 0 0 0 0 0 0 0 0 0 0 0 0 0 0 0 0 0 
0 0 0 0 0 0 0 0 0 0 0 0 0 0 0 0 0 0 0 0 0 0 0 0 0 0 0 0 0 0 0 0 0 0 0 0 0 0 0 0 0 0 0 0 0 0 0 0 0 0 0 0 0 0 0 0 0 0 0 0 0 0 0 0 0 0 0 0 0 0 0 0 0 0 0 0 0 0 0 0 0 0 0 0 0 0 0 0 0 0 0 0 0 0 0 0 0 0 0 0 
0 0 0 0 0 0 0 0 0 0 0 0 0 0 0 0 0 0 0 0 0 0 0 0 0 0 0 0 0 0 0 0 0 0 0 0 0 0 0 0 0 0 0 0 0 0 0 0 0 0 0 0 0 0 0 0 0 0 0 0 0 0 0 0 0 0 0 0 0 0 0 0 0 0 0 0 0 0 0 0 0 0 0 0 0 0 0 0 0 0 0 0 0 0 0 0 0 0 0 0 
0 0 0 0 0 0 0 0 0 0 0 0 0 0 0 0 0 0 0 0 0 0 0 0 0 0 0 0 0 0 0 0 0 0 0 0 0 0 0 0 0 0 0 0 0 0 0 0 0 0 0 0 0 0 0 0 0 0 0 0 0 0 0 0 0 0 0 0 0 0 0 0 0 0 0 0 0 0 0 0 0 0 0 0 0 0 0 0 0 0 0 0 0 0 0 0 0 0 0 0 
0 0 0 0 0 0 0 0 0 0 0 0 0 0 0 0 0 0 0 0 0 0 0 0 0 0 0 0 0 0 0 0 0 0 0 0 0 0 0 0 0 0 0 0 0 0 0 0 0 0 0 0 0 0 0 0 0 0 0 0 0 0 0 0 0 0 0 0 0 0 0 0 0 0 0 0 0 0 0 0 0 0 0 0 0 0 0 0 0 0 0 0 0 0 0 0 0 0 0 0 
0 0 0 0 0 0 0 0 0 0 0 0 0 0 0 0 0 0 0 0 0 0 0 0 0 0 0 0 0 0 0 0 0 0 0 0 0 0 0 0 0 0 0 0 0 0 0 0 0 0 0 0 0 0 0 0 0 0 0 0 0 0 0 0 0 0 0 0 0 0 0 0 0 0 0 0 0 0 0 0 0 0 0 0 0 0 0 0 0 0 0 0 0 0 0 0 0 0 0 0 
0 0 0 0 0 0 0 0 0 0 0 0 0 0 0 0 0 0 0 0 0 0 0 0 0 0 0 0 0 0 0 0 0 0 0 0 0 0 0 0 0 0 0 0 0 0 0 0 0 0 0 0 0 0 0 0 0 0 0 0 0 0 0 0 0 0 0 0 0 0 0 0 0 0 0 0 0 0 0 0 0 0 0 0 0 0 0 0 0 0 0 0 0 0 0 0 0 0 0 0 
0 0 0 0 0 0 0 0 0 0 0 0 0 0 0 0 0 0 0 0 0 0 0 0 0 0 0 0 0 0 0 0 0 0 0 0 0 0 0 0 0 0 0 0 0 0 0 0 0 0 0 0 0 0 0 0 0 0 0 0 0 0 0 0 0 0 0 0 0 0 0 0 0 0 0 0 0 0 0 0 0 0 0 0 0 0 0 0 0 0 0 0 0 0 0 0 0 0 0 0 
0 0 0 0 0 0 0 0 0 0 0 0 0 0 0 0 0 0 0 0 0 0 0 0 0 0 0 0 0 0 0 0 0 0 0 0 0 0 0 0 0 0 0 0 0 0 0 0 0 0 0 0 0 0 0 0 0 0 0 0 0 0 0 0 0 0 0 0 0 0 0 0 0 0 0 0 0 0 0 0 0 0 0 0 0 0 0 0 0 0 0 0 0 0 0 0 0 0 0 0 
0 0 0 0 0 0 0 0 0 0 0 0 0 0 0 0 0 0 0 0 0 0 0 0 0 0 0 0 0 0 0 0 0 0 0 0 0 0 0 0 0 0 0 0 0 0 0 0 0 0 0 0 0 0 0 0 0 0 0 0 0 0 0 0 0 0 0 0 0 0 0 0 0 0 0 0 0 0 0 0 0 0 0 0 0 0 0 0 0 0 0 0 0 0 0 0 0 0 0 0 
0 0 0 0 0 0 0 0 0 0 0 0 0 0 0 0 0 0 0 0 0 0 0 0 0 0 0 0 0 0 0 0 0 0 0 0 0 0 0 0 0 0 0 0 0 0 0 0 0 0 0 0 0 0 0 0 0 0 0 0 0 0 0 0 0 0 0 0 0 0 0 0 0 0 0 0 0 0 0 0 0 0 0 0 0 0 0 0 0 0 0 0 0 0 0 0 0 0 0 0 
0 0 0 0 0 0 0 0 0 0 0 0 0 0 0 0 0 0 0 0 0 0 0 0 0 0 0 0 0 0 0 0 0 0 0 0 0 0 0 0 0 0 0 0 0 0 0 0 0 0 0 0 0 0 0 0 0 0 0 0 0 0 0 0 0 0 0 0 0 0 0 0 0 0 0 0 0 0 0 0 0 0 0 0 0 0 0 0 0 0 0 0 0 0 0 0 0 0 0 0 
0 0 0 0 0 0 0 0 0 0 0 0 0 0 0 0 0 0 0 0 0 0 0 0 0 0 0 0 0 0 0 0 0 0 0 0 0 0 0 0 0 0 0 0 0 0 0 0 0 0 0 0 0 0 0 0 0 0 0 0 0 0 0 0 0 0 0 0 0 0 0 0 0 0 0 0 0 0 0 0 0 0 0 0 0 0 0 0 0 0 0 0 0 0 0 0 0 0 0 0 
0 0 0 0 0 0 0 0 0 0 0 0 0 0 0 0 0 0 0 0 0 0 0 0 0 0 0 0 0 0 0 0 0 0 0 0 0 0 0 0 0 0 0 0 0 0 0 0 0 0 0 0 0 0 0 0 0 0 0 0 0 0 0 0 0 0 0 0 0 0 0 0 0 0 0 0 0 0 0 0 0 0 0 0 0 0 0 0 0 0 0 0 0 0 0 0 0 0 0 0 
0 0 0 0 0 0 0 0 0 0 0 0 0 0 0 0 0 0 0 0 0 0 0 0 0 0 0 0 0 0 0 0 0 0 0 0 0 0 0 0 0 0 0 0 0 0 0 0 0 0 0 0 0 0 0 0 0 0 0 0 0 0 0 0 0 0 0 0 0 0 0 0 0 0 0 0 0 0 0 0 0 0 0 0 0 0 0 0 0 0 0 0 0 0 0 0 0 0 0 0 
0 0 0 0 0 0 0 0 0 0 0 0 0 0 0 0 0 0 0 0 0 0 0 0 0 0 0 0 0 0 0 0 0 0 0 0 0 0 0 0 0 0 0 0 0 0 0 0 0 0 0 0 0 0 0 0 0 0 0 0 0 0 0 0 0 0 0 0 0 0 0 0 0 0 0 0 0 0 0 0 0 0 0 0 0 0 0 0 0 0 0 0 0 0 0 0 0 0 0 0 
0 0 0 0 0 0 0 0 0 0 0 0 0 0 0 0 0 0 0 0 0 0 0 0 0 0 0 0 0 0 0 0 0 0 0 0 0 0 0 0 0 0 0 0 0 0 0 0 0 0 0 0 0 0 0 0 0 0 0 0 0 0 0 0 0 0 0 0 0 0 0 0 0 0 0 0 0 0 0 0 0 0 0 0 0 0 0 0 0 0 0 0 0 0 0 0 0 0 0 0 
0 0 0 0 0 0 0 0 0 0 0 0 0 0 0 0 0 0 0 0 0 0 0 0 0 0 0 0 0 0 0 0 0 0 0 0 0 0 0 0 0 0 0 0 0 0 0 0 0 0 0 0 0 0 0 0 0 0 0 0 0 0 0 0 0 0 0 0 0 0 0 0 0 0 0 0 0 0 0 0 0 0 0 0 0 0 0 0 0 0 0 0 0 0 0 0 0 0 0 0 
0 0 0 0 0 0 0 0 0 0 0 0 0 0 0 0 0 0 0 0 0 0 0 0 0 0 0 0 0 0 0 0 0 0 0 0 0 0 0 0 0 0 0 0 0 0 0 0 0 0 0 0 0 0 0 0 0 0 0 0 0 0 0 0 0 0 0 0 0 0 0 0 0 0 0 0 0 0 0 0 0 0 0 0 0 0 0 0 0 0 0 0 0 0 0 0 0 0 0 0 
0 0 0 0 0 0 0 0 0 0 0 0 0 0 0 0 0 0 0 0 0 0 0 0 0 0 0 0 0 0 0 0 0 0 0 0 0 0 0 0 0 0 0 0 0 0 0 0 0 0 0 0 0 0 0 0 0 0 0 0 0 0 0 0 0 0 0 0 0 0 0 0 0 0 0 0 0 0 0 0 0 0 0 0 0 0 0 0 0 0 0 0 0 0 0 0 0 0 0 0 
0 0 0 0 0 0 0 0 0 0 0 0 0 0 0 0 0 0 0 0 0 0 0 0 0 0 0 0 0 0 0 0 0 0 0 0 0 0 0 0 0 0 0 0 0 0 0 0 0 0 0 0 0 0 0 0 0 0 0 0 0 0 0 0 0 0 0 0 0 0 0 0 0 0 0 0 0 0 0 0 0 0 0 0 0 0 0 0 0 0 0 0 0 0 0 0 0 0 0 0 
0 0 0 0 0 0 0 0 0 0 0 0 0 0 0 0 0 0 0 0 0 0 0 0 0 0 0 0 0 0 0 0 0 0 0 0 0 0 0 0 0 0 0 0 0 0 0 0 0 0 0 0 0 0 0 0 0 0 0 0 0 0 0 0 0 0 0 0 0 0 0 0 0 0 0 0 0 0 0 0 0 0 0 0 0 0 0 0 0 0 0 0 0 0 0 0 0 0 0 0 
0 0 0 0 0 0 0 0 0 0 0 0 0 0 0 0 0 0 0 0 0 0 0 0 0 0 0 0 0 0 0 0 0 0 0 0 0 0 0 0 0 0 0 0 0 0 0 0 0 0 0 0 0 0 0 0 0 0 0 0 0 0 0 0 0 0 0 0 0 0 0 0 0 0 0 0 0 0 0 0 0 0 0 0 0 0 0 0 0 0 0 0 0 0 0 0 0 0 0 0 
0 0 0 0 0 0 0 0 0 0 0 0 0 0 0 0 0 0 0 0 0 0 0 0 0 0 0 0 0 0 0 0 0 0 0 0 0 0 0 0 0 0 0 0 0 0 0 0 0 0 0 0 0 0 0 0 0 0 0 0 0 0 0 0 0 0 0 0 0 0 0 0 0 0 0 0 0 0 0 0 0 0 0 0 0 0 0 0 0 0 0 0 0 0 0 0 0 0 0 0 
0 0 0 0 0 0 0 0 0 0 0 0 0 0 0 0 0 0 0 0 0 0 0 0 0 0 0 0 0 0 0 0 0 0 0 0 0 0 0 0 0 0 0 0 0 0 0 0 0 0 0 0 0 0 0 0 0 0 0 0 0 0 0 0 0 0 0 0 0 0 0 0 0 0 0 0 0 0 0 0 0 0 0 0 0 0 0 0 0 0 0 0 0 0 0 0 0 0 0 0 
0 0 0 0 0 0 0 0 0 0 0 0 0 0 0 0 0 0 0 0 0 0 0 0 0 0 0 0 0 0 0 0 0 0 0 0 0 0 0 0 0 0 0 0 0 0 0 0 0 0 0 0 0 0 0 0 0 0 0 0 0 0 0 0 0 0 0 0 0 0 0 0 0 0 0 0 0 0 0 0 0 0 0 0 0 0 0 0 0 0 0 0 0 0 0 0 0 0 0 0 
0 0 0 0 0 0 0 0 0 0 0 0 0 0 0 0 0 0 0 0 0 0 0 0 0 0 0 0 0 0 0 0 0 0 0 0 0 0 0 0 0 0 0 0 0 0 0 0 0 0 0 0 0 0 0 0 0 0 0 0 0 0 0 0 0 0 0 0 0 0 0 0 0 0 0 0 0 0 0 0 0 0 0 0 0 0 0 0 0 0 0 0 0 0 0 0 0 0 0 0 
0 0 0 0 0 0 0 0 0 0 0 0 0 0 0 0 0 0 0 0 0 0 0 0 0 0 0 0 0 0 0 0 0 0 0 0 0 0 0 0 0 0 0 0 0 0 0 0 0 0 0 0 0 0 0 0 0 0 0 0 0 0 0 0 0 0 0 0 0 0 0 0 0 0 0 0 0 0 0 0 0 0 0 0 0 0 0 0 0 0 0 0 0 0 0 0 0 0 0 0 
0 0 0 0 0 0 0 0 0 0 0 0 0 0 0 0 0 0 0 0 0 0 0 0 0 0 0 0 0 0 0 0 0 0 0 0 0 0 0 0 0 0 0 0 0 0 0 0 0 0 0 0 0 0 0 0 0 0 0 0 0 0 0 0 0 0 0 0 0 0 0 0 0 0 0 0 0 0 0 0 0 0 0 0 0 0 0 0 0 0 0 0 0 0 0 0 0 0 0 0 
0 0 0 0 0 0 0 0 0 0 0 0 0 0 0 0 0 0 0 0 0 0 0 0 0 0 0 0 0 0 0 0 0 0 0 0 0 0 0 0 0 0 0 0 0 0 0 0 0 0 0 0 0 0 0 0 0 0 0 0 0 0 0 0 0 0 0 0 0 0 0 0 0 0 0 0 0 0 0 0 0 0 0 0 0 0 0 0 0 0 0 0 0 0 0 0 0 0 0 0 
0 0 0 0 0 0 0 0 0 0 0 0 0 0 0 0 0 0 0 0 0 0 0 0 0 0 0 0 0 0 0 0 0 0 0 0 0 0 0 0 0 0 0 0 0 0 0 0 0 0 0 0 0 0 0 0 0 0 0 0 0 0 0 0 0 0 0 0 0 0 0 0 0 0 0 0 0 0 0 0 0 0 0 0 0 0 0 0 0 0 0 0 0 0 0 0 0 0 0 0 
0 0 0 0 0 0 0 0 0 0 0 0 0 0 0 0 0 0 0 0 0 0 0 0 0 0 0 0 0 0 0 0 0 0 0 0 0 0 0 0 0 0 0 0 0 0 0 0 0 0 0 0 0 0 0 0 0 0 0 0 0 0 0 0 0 0 0 0 0 0 0 0 0 0 0 0 0 0 0 0 0 0 0 0 0 0 0 0 0 0 0 0 0 0 0 0 0 0 0 0 
0 0 0 0 0 0 0 0 0 0 0 0 0 0 0 0 0 0 0 0 0 0 0 0 0 0 0 0 0 0 0 0 0 0 0 0 0 0 0 0 0 0 0 0 0 0 0 0 0 0 0 0 0 0 0 0 0 0 0 0 0 0 0 0 0 0 0 0 0 0 0 0 0 0 0 0 0 0 0 0 0 0 0 0 0 0 0 0 0 0 0 0 0 0 0 0 0 0 0 0 
0 0 0 0 0 0 0 0 0 0 0 0 0 0 0 0 0 0 0 0 0 0 0 0 0 0 0 0 0 0 0 0 0 0 0 0 0 0 0 0 0 0 0 0 0 0 0 0 0 0 0 0 0 0 0 0 0 0 0 0 0 0 0 0 0 0 0 0 0 0 0 0 0 0 0 0 0 0 0 0 0 0 0 0 0 0 0 0 0 0 0 0 0 0 0 0 0 0 0 0 
0 0 0 0 0 0 0 0 0 0 0 0 0 0 0 0 0 0 0 0 0 0 0 0 0 0 0 0 0 0 0 0 0 0 0 0 0 0 0 0 0 0 0 0 0 0 0 0 0 0 0 0 0 0 0 0 0 0 0 0 0 0 0 0 0 0 0 0 0 0 0 0 0 0 0 0 0 0 0 0 0 0 0 0 0 0 0 0 0 0 0 0 0 0 0 0 0 0 0 0 
0 0 0 0 0 0 0 0 0 0 0 0 0 0 0 0 0 0 0 0 0 0 0 0 0 0 0 0 0 0 0 0 0 0 0 0 0 0 0 0 0 0 0 0 0 0 0 0 0 0 0 0 0 0 0 0 0 0 0 0 0 0 0 0 0 0 0 0 0 0 0 0 0 0 0 0 0 0 0 0 0 0 0 0 0 0 0 0 0 0 0 0 0 0 0 0 0 0 0 0 
0 0 0 0 0 0 0 0 0 0 0 0 0 0 0 0 0 0 0 0 0 0 0 0 0 0 0 0 0 0 0 0 0 0 0 0 0 0 0 0 0 0 0 0 0 0 0 0 0 0 0 0 0 0 0 0 0 0 0 0 0 0 0 0 0 0 0 0 0 0 0 0 0 0 0 0 0 0 0 0 0 0 0 0 0 0 0 0 0 0 0 0 0 0 0 0 0 0 0 0 
0 0 0 0 0 0 0 0 0 0 0 0 0 0 0 0 0 0 0 0 0 0 0 0 0 0 0 0 0 0 0 0 0 0 0 0 0 0 0 0 0 0 0 0 0 0 0 0 0 0 0 0 0 0 0 0 0 0 0 0 0 0 0 0 0 0 0 0 0 0 0 0 0 0 0 0 0 0 0 0 0 0 0 0 0 0 0 0 0 0 0 0 0 0 0 0 0 0 0 0 
0 0 0 0 0 0 0 0 0 0 0 0 0 0 0 0 0 0 0 0 0 0 0 0 0 0 0 0 0 0 0 0 0 0 0 0 0 0 0 0 0 0 0 0 0 0 0 0 0 0 0 0 0 0 0 0 0 0 0 0 0 0 0 0 0 0 0 0 0 0 0 0 0 0 0 0 0 0 0 0 0 0 0 0 0 0 0 0 0 0 0 0 0 0 0 0 0 0 0 0 
0 0 0 0 0 0 0 0 0 0 0 0 0 0 0 0 0 0 0 0 0 0 0 0 0 0 0 0 0 0 0 0 0 0 0 0 0 0 0 0 0 0 0 0 0 0 0 0 0 0 0 0 0 0 0 0 0 0 0 0 0 0 0 0 0 0 0 0 0 0 0 0 0 0 0 0 0 0 0 0 0 0 0 0 0 0 0 0 0 0 0 0 0 0 0 0 0 0 0 0 
0 0 0 0 0 0 0 0 0 0 0 0 0 0 0 0 0 0 0 0 0 0 0 0 0 0 0 0 0 0 0 0 0 0 0 0 0 0 0 0 0 0 0 0 0 0 0 0 0 0 0 0 0 0 0 0 0 0 0 0 0 0 0 0 0 0 0 0 0 0 0 0 0 0 0 0 0 0 0 0 0 0 0 0 0 0 0 0 0 0 0 0 0 0 0 0 0 0 0 0 
0 0 0 0 0 0 0 0 0 0 0 0 0 0 0 0 0 0 0 0 0 0 0 0 0 0 0 0 0 0 0 0 0 0 0 0 0 0 0 0 0 0 0 0 0 0 0 0 0 0 0 0 0 0 0 0 0 0 0 0 0 0 0 0 0 0 0 0 0 0 0 0 0 0 0 0 0 0 0 0 0 0 0 0 0 0 0 0 0 0 0 0 0 0 0 0 0 0 0 0 
0 0 0 0 0 0 0 0 0 0 0 0 0 0 0 0 0 0 0 0 0 0 0 0 0 0 0 0 0 0 0 0 0 0 0 0 0 0 0 0 0 0 0 0 0 0 0 0 7 9 4 9 0 0 0 0 0 0 0 0 0 0 0 0 0 0 0 0 0 0 0 0 0 0 0 0 0 0 0 0 0 0 0 0 0 0 0 0 0 0 0 0 0 0 0 0 0 0 0 0 
